time,rpm,speed
0.1,0,0
0.2,0,0
0.3,0,0
0.4,0,0
0.5,0,0
0.6,0,0
0.7,0,0
0.8,0,0
0.9,0,0
1,0,0
1.1,0,0
1.2,0,0
1.3,0,0
1.4,0,0
1.5,0,0
1.6,0,0
1.7,0,0
1.8,0,0
1.9,0,0
2,0,0
2.1,0,0
2.2,0,0
2.3,0,0
2.4,0,0
2.5,0,0
2.6,0,0
2.7,0,0
2.8,0,0
2.9,0,0
3,0,0
3.1,0,0
3.2,0,0
3.3,0,0
3.4,0,0
3.5,0,0
3.6,0,0
3.7,0,0
3.8,0,0
3.9,0,0
4,0,0
4.1,0,0
4.2,0,0
4.3,0,0
4.4,0,0
4.5,0,0
4.6,0,0
4.7,0,0
4.8,0,0
4.9,0,0
5,0,0
5.1,0,0
5.2,0,0
5.3,0,0
5.4,0,0
5.5,0,0
5.6,0,0
5.7,0,0
5.8,0,0
5.9,0,0
6,0,0
6.1,0,0
6.2,0,0
6.3,0,0
6.4,0,0
6.5,0,0
6.6,0,0
6.7,0,0
6.8,0,0
6.9,0,0
7,0,0
7.1,0,0
7.2,0,0
7.3,0,0
7.4,0,0
7.5,0,0
7.6,0,0
7.7,0,0
7.8,0,0
7.9,0,0
8,0,0
8.1,0,0
8.2,0,0
8.3,0,0
8.4,0,0
8.5,0,0
8.6,0,0
8.7,0,0
8.8,0,0
8.9,0,0
9,0,0
9.1,0,0
9.2,0,0
9.3,0,0
9.4,0,0
9.5,0,0
9.6,0,0
9.7,0,0
9.8,0,0
9.9,0,0
10,0,0
10.1,0,0
10.2,0,0
10.3,0,0
10.4,0,0
10.5,0,0
10.6,0,0
10.7,0,0
10.8,0,0
10.9,0,0
11,0,0
11.1,0,0
11.2,0,0
11.3,0,0
11.4,0,0
11.5,0,0
11.6,0,0
11.7,0,0
11.8,0,0
11.9,720,0
12,720,0
12.1,720,0
12.2,720,0
12.3,720,0
12.4,720,0
12.5,720,0
12.6,720,0
12.7,720,0
12.8,3000,0
12.9,3000,0
13,3000,0
13.1,3000,0
13.2,3000,0
13.3,3000,0
13.4,3000,0
13.5,3000,5
13.6,3000,5
13.7,3000,5
13.8,3360,5
13.9,3360,5
14,3360,5
14.1,3360,12
14.2,3360,12
14.3,3360,12
14.4,3360,12
14.5,3360,16
14.6,3360,16
14.7,3360,16
14.8,3360,19
14.9,3360,19
15,3360,22
15.1,3360,22
15.2,3360,22
15.3,3360,22
15.4,3360,24
15.5,3360,24
15.6,3360,26
15.7,3360,26
15.8,3600,28
15.9,3600,28
16,3600,28
16.1,3600,29
16.2,3600,29
16.3,3600,29
16.4,3600,29
16.5,3600,29
16.6,3600,29
16.7,3600,29
16.8,360,29
16.9,360,28
17,360,28
17.1,360,28
17.2,360,29
17.3,360,29
17.4,360,29
17.5,360,29
17.6,360,29
17.7,360,29
17.8,120,29
17.9,120,29
18,120,29
18.1,120,28
18.2,120,28
18.3,120,29
18.4,120,29
18.5,120,29
18.6,120,29
18.7,120,29
18.8,0,28
18.9,0,28
19,0,28
19.1,0,28
19.2,0,28
19.3,0,28
19.4,0,28
19.5,0,28
19.6,0,14
19.7,0,14
19.8,0,28
19.9,0,28
20,0,28
20.1,0,28
20.2,0,28
20.3,0,28
20.4,0,28
20.5,0,28
20.6,0,28
20.7,0,28
20.8,0,28
20.9,0,28
21,0,13
21.1,0,13
21.2,0,13
21.3,0,28
21.4,0,28
21.5,0,28
21.6,0,28
21.7,0,27
21.8,0,27
21.9,0,27
22,0,27
22.1,0,27
22.2,0,27
22.3,0,27
22.4,0,27
22.5,0,27
22.6,0,27
22.7,0,27
22.8,0,27
22.9,0,27
23,0,27
23.1,0,27
23.2,0,27
23.3,0,27
23.4,0,13
23.5,0,13
23.6,0,27
23.7,0,27
23.8,0,26
23.9,0,26
24,0,27
24.1,0,27
24.2,0,27
24.3,0,27
24.4,0,27
24.5,0,27
24.6,0,26
24.7,0,26
24.8,0,26
24.9,0,26
25,0,26
25.1,0,26
25.2,0,26
25.3,0,26
25.4,0,26
25.5,0,26
25.6,0,26
25.7,0,26
25.8,0,26
25.9,0,26
26,0,25
26.1,0,25
26.2,0,26
26.3,0,26
26.4,0,26
26.5,0,26
26.6,0,26
26.7,0,26
26.8,0,26
26.9,0,26
27,0,26
27.1,0,26
27.2,0,26
27.3,0,25
27.4,0,25
27.5,0,26
27.6,0,26
27.7,0,26
27.8,0,26
27.9,0,26
28,0,26
28.1,0,26
28.2,0,26
28.3,0,26
28.4,0,26
28.5,0,26
28.6,0,26
28.7,0,26
28.8,0,25
28.9,0,25
29,0,25
29.1,0,25
29.2,0,25
29.3,0,25
29.4,0,25
29.5,0,25
29.6,0,25
29.7,0,25
29.8,0,25
29.9,0,25
30,0,25
30.1,0,25
30.2,0,25
30.3,0,25
30.4,0,25
30.5,0,25
30.6,0,25
30.7,0,25
30.8,0,25
30.9,0,25
31,0,25
31.1,0,12
31.2,0,12
31.3,0,25
31.4,0,25
31.5,0,25
31.6,0,25
31.7,0,25
31.8,0,25
31.9,0,25
32,0,25
32.1,0,25
32.2,0,25
32.3,0,25
32.4,0,25
32.5,0,25
32.6,0,25
32.7,0,25
32.8,0,25
32.9,0,25
33,0,24
33.1,0,24
33.2,0,24
33.3,0,24
33.4,0,24
33.5,0,24
33.6,0,24
33.7,0,24
33.8,0,24
33.9,0,11
34,0,11
34.1,0,11
34.2,0,24
34.3,0,24
34.4,0,24
34.5,0,24
34.6,0,24
34.7,0,24
34.8,0,23
34.9,0,23
35,0,24
35.1,0,24
35.2,0,24
35.3,0,24
35.4,0,24
35.5,0,24
35.6,0,24
35.7,0,24
35.8,0,24
35.9,0,24
36,0,24
36.1,0,23
36.2,0,23
36.3,0,23
36.4,0,23
36.5,0,23
36.6,0,24
36.7,0,24
36.8,0,24
36.9,0,23
37,0,23
37.1,0,23
37.2,0,23
37.3,0,23
37.4,0,23
37.5,0,23
37.6,0,23
37.7,0,23
37.8,0,23
37.9,0,23
38,0,23
38.1,0,23
38.2,0,23
38.3,0,23
38.4,0,23
38.5,0,23
38.6,0,23
38.7,0,23
38.8,0,23
38.9,0,23
39,0,23
39.1,0,23
39.2,0,23
39.3,0,23
39.4,0,23
39.5,0,23
39.6,0,23
39.7,0,23
39.8,0,23
39.9,0,23
40,0,23
40.1,0,23
40.2,0,23
40.3,0,23
40.4,0,23
40.5,0,23
40.6,0,23
40.7,0,22
40.8,0,22
40.9,0,22
41,0,22
41.1,0,23
41.2,0,23
41.3,0,23
41.4,0,23
41.5,0,23
41.6,0,23
41.7,0,23
41.8,0,23
41.9,0,23
42,0,23
42.1,0,23
42.2,0,23
42.3,0,23
42.4,0,23
42.5,0,23
42.6,0,23
42.7,0,23
42.8,0,23
42.9,0,23
43,0,23
43.1,0,23
43.2,0,23
43.3,0,22
43.4,0,22
43.5,0,22
43.6,0,22
43.7,0,22
43.8,0,22
43.9,0,22
44,0,22
44.1,0,22
44.2,0,22
44.3,0,22
44.4,0,22
44.5,0,22
44.6,0,22
44.7,0,22
44.8,0,22
44.9,0,22
45,0,22
45.1,0,22
45.2,0,22
45.3,0,22
45.4,0,22
45.5,0,22
45.6,240,22
45.7,240,22
45.8,240,22
45.9,240,22
46,240,22
46.1,240,22
46.2,240,21
46.3,240,21
46.4,240,22
46.5,240,22
46.6,2520,22
46.7,2520,22
46.8,2520,23
46.9,2520,23
47,2520,25
47.1,2520,25
47.2,2520,25
47.3,2520,27
47.4,2520,27
47.5,2520,28
47.6,4200,28
47.7,4200,28
47.8,4200,31
47.9,4200,31
48,4200,33
48.1,4200,33
48.2,4200,33
48.3,4200,34
48.4,4200,35
48.5,4200,35
48.6,3240,35
48.7,3240,35
48.8,3240,35
48.9,3240,35
49,3240,35
49.1,3240,35
49.2,3240,35
49.3,3240,35
49.4,3240,35
49.5,3240,35
49.6,840,35
49.7,840,35
49.8,840,35
49.9,840,35
50,840,35
50.1,840,35
50.2,840,35
50.3,840,35
50.4,840,35
50.5,840,34
50.6,120,34
50.7,120,34
50.8,120,34
50.9,120,34
51,120,34
51.1,120,34
51.2,120,34
51.3,120,34
51.4,120,34
51.5,120,34
51.6,0,34
51.7,0,34
51.8,0,34
51.9,0,34
52,0,34
52.1,0,34
52.2,0,34
52.3,0,34
52.4,0,34
52.5,0,34
52.6,0,34
52.7,0,34
52.8,0,34
52.9,0,34
53,0,34
53.1,0,33
53.2,0,33
53.3,0,33
53.4,0,33
53.5,0,33
53.6,0,33
53.7,0,33
53.8,0,33
53.9,0,33
54,0,33
54.1,0,33
54.2,0,33
54.3,0,33
54.4,0,33
54.5,0,33
54.6,0,33
54.7,0,33
54.8,0,33
54.9,0,33
55,0,33
55.1,0,33
55.2,0,33
55.3,0,32
55.4,0,32
55.5,0,32
55.6,0,32
55.7,0,32
55.8,0,32
55.9,0,32
56,0,32
56.1,0,32
56.2,0,32
56.3,0,32
56.4,0,32
56.5,0,32
56.6,0,32
56.7,0,31
56.8,0,31
56.9,0,31
57,0,15
57.1,0,15
57.2,0,15
57.3,0,32
57.4,0,32
57.5,0,32
57.6,0,32
57.7,0,32
57.8,0,32
57.9,0,32
58,0,32
58.1,0,32
58.2,0,32
58.3,0,32
58.4,0,32
58.5,0,32
58.6,0,32
58.7,0,31
58.8,0,31
58.9,0,31
59,0,31
59.1,0,31
59.2,0,31
59.3,0,31
59.4,0,31
59.5,0,31
59.6,0,31
59.7,0,31
59.8,0,31
59.9,0,31
60,0,31
60.1,0,31
60.2,0,31
60.3,0,31
60.4,0,15
60.5,0,31
60.6,0,31
60.7,0,31
60.8,0,31
60.9,0,31
61,0,31
61.1,0,31
61.2,0,31
61.3,0,31
61.4,0,31
61.5,0,31
61.6,0,31
61.7,0,31
61.8,0,31
61.9,0,31
62,0,15
62.1,0,15
62.2,0,15
62.3,0,15
62.4,0,30
62.5,0,30
62.6,0,30
62.7,0,30
62.8,0,30
62.9,0,30
63,0,30
63.1,0,30
63.2,0,30
63.3,0,30
63.4,0,30
63.5,0,30
63.6,0,30
63.7,0,30
63.8,0,30
63.9,0,30
64,0,30
64.1,0,30
64.2,0,30
64.3,0,30
64.4,0,30
64.5,0,30
64.6,0,30
64.7,0,30
64.8,0,29
64.9,0,29
65,0,29
65.1,0,29
65.2,0,29
65.3,0,29
65.4,0,29
65.5,0,29
65.6,0,29
65.7,0,29
65.8,0,29
65.9,0,29
66,0,29
66.1,0,29
66.2,0,29
66.3,0,29
66.4,0,29
66.5,0,29
66.6,0,29
66.7,0,29
66.8,0,29
66.9,0,29
67,0,29
67.1,0,29
67.2,0,29
67.3,0,29
67.4,0,29
67.5,0,28
67.6,0,28
67.7,0,29
67.8,0,29
67.9,0,29
68,0,29
68.1,0,29
68.2,0,29
68.3,0,29
68.4,0,28
68.5,0,28
68.6,0,28
68.7,0,28
68.8,0,28
68.9,0,28
69,0,28
69.1,0,28
69.2,0,28
69.3,0,28
69.4,0,28
69.5,0,28
69.6,0,28
69.7,0,28
69.8,0,28
69.9,0,28
70,0,28
70.1,0,28
70.2,0,28
70.3,0,28
70.4,0,28
70.5,0,28
70.6,0,28
70.7,0,28
70.8,0,28
70.9,0,28
71,0,28
71.1,0,28
71.2,0,28
71.3,0,28
71.4,0,28
71.5,0,27
71.6,0,27
71.7,0,27
71.8,0,28
71.9,0,28
72,0,28
72.1,0,28
72.2,0,28
72.3,0,28
72.4,0,28
72.5,0,28
72.6,0,28
72.7,0,27
72.8,0,27
72.9,0,27
73,0,27
73.1,0,27
73.2,0,27
73.3,0,27
73.4,0,27
73.5,0,27
73.6,0,27
73.7,0,27
73.8,0,27
73.9,0,27
74,0,27
74.1,0,27
74.2,0,27
74.3,0,27
74.4,0,27
74.5,0,27
74.6,0,26
74.7,0,26
74.8,0,27
74.9,0,27
75,0,27
75.1,0,27
75.2,0,27
75.3,0,27
75.4,0,27
75.5,0,27
75.6,0,27
75.7,0,27
75.8,0,27
75.9,0,27
76,0,27
76.1,0,26
76.2,0,26
76.3,0,26
76.4,0,26
76.5,0,26
76.6,0,26
76.7,0,26
76.8,0,27
76.9,0,27
77,0,26
77.1,0,26
77.2,0,26
77.3,0,26
77.4,0,26
77.5,0,26
77.6,0,26
77.7,0,26
77.8,0,26
77.9,0,25
78,0,25
78.1,0,25
78.2,0,25
78.3,0,25
78.4,0,25
78.5,0,25
78.6,0,25
78.7,0,25
78.8,0,26
78.9,0,26
79,0,26
79.1,0,26
79.2,0,26
79.3,0,26
79.4,0,26
79.5,0,26
79.6,0,26
79.7,0,26
79.8,0,26
79.9,0,26
80,0,26
80.1,0,26
80.2,0,26
80.3,0,26
80.4,0,26
80.5,0,26
80.6,0,26
80.7,0,26
80.8,0,26
80.9,0,26
81,0,25
81.1,0,25
81.2,0,25
81.3,0,25
81.4,0,25
81.5,0,25
81.6,0,25
81.7,0,25
81.8,0,25
81.9,0,25
82,0,25
82.1,0,25
82.2,0,25
82.3,0,25
82.4,0,25
82.5,0,25
82.6,0,25
82.7,0,25
82.8,0,25
82.9,0,25
83,0,25
83.1,0,25
83.2,0,25
83.3,0,25
83.4,0,25
83.5,0,25
83.6,0,25
83.7,0,25
83.8,0,25
83.9,0,25
84,0,25
84.1,0,25
84.2,0,25
84.3,0,25
84.4,0,25
84.5,0,25
84.6,0,25
84.7,0,25
84.8,0,25
84.9,0,25
85,0,25
85.1,0,25
85.2,0,25
85.3,0,25
85.4,0,25
85.5,0,25
85.6,0,25
85.7,0,25
85.8,0,25
85.9,0,25
86,0,25
86.1,0,25
86.2,0,25
86.3,0,25
86.4,0,24
86.5,0,24
86.6,0,24
86.7,0,24
86.8,0,24
86.9,0,24
87,0,24
87.1,0,24
87.2,0,24
87.3,0,24
87.4,0,24
87.5,0,24
87.6,0,24
87.7,0,24
87.8,0,24
87.9,0,24
88,0,24
88.1,0,24
88.2,0,24
88.3,0,24
88.4,0,24
88.5,0,24
88.6,0,24
88.7,0,24
88.8,0,24
88.9,0,24
89,0,24
89.1,0,24
89.2,0,24
89.3,0,24
89.4,0,24
89.5,0,24
89.6,0,24
89.7,0,24
89.8,0,23
89.9,0,23
90,0,23
90.1,0,23
90.2,0,23
90.3,0,23
90.4,0,23
90.5,0,23
90.6,0,23
90.7,0,23
90.8,0,23
90.9,0,23
91,0,23
91.1,0,23
91.2,0,23
91.3,0,23
91.4,0,23
91.5,0,23
91.6,0,23
91.7,0,23
91.8,0,23
91.9,0,23
92,0,23
92.1,0,23
92.2,0,23
92.3,0,23
92.4,0,23
92.5,0,23
92.6,0,23
92.7,0,23
92.8,0,23
92.9,0,23
93,0,23
93.1,0,23
93.2,0,23
93.3,0,23
93.4,0,23
93.5,0,23
93.6,0,23
93.7,0,23
93.8,0,23
93.9,0,23
94,0,22
94.1,0,22
94.2,0,22
94.3,0,22
94.4,0,22
94.5,0,22
94.6,0,22
94.7,0,22
94.8,0,22
94.9,0,22
95,0,22
95.1,0,22
95.2,0,22
95.3,0,22
95.4,0,22
95.5,0,22
95.6,0,22
95.7,0,22
95.8,0,22
95.9,0,22
96,0,22
96.1,0,22
96.2,0,22
96.3,0,22
96.4,0,22
96.5,0,22
96.6,0,22
96.7,0,22
96.8,0,22
96.9,0,22
97,0,22
97.1,0,22
97.2,0,22
97.3,0,22
97.4,0,22
97.5,0,22
97.6,0,22
97.7,0,22
97.8,0,21
97.9,0,21
98,0,21
98.1,0,21
98.2,0,21
98.3,0,21
98.4,0,21
98.5,0,21
98.6,0,21
98.7,0,21
98.8,0,21
98.9,0,21
99,0,21
99.1,0,21
99.2,0,21
99.3,0,21
99.4,0,21
99.5,0,21
99.6,0,21
99.7,0,21
99.8,0,21
99.9,0,21
100,0,21
100.1,0,21
100.2,0,21
100.3,0,21
100.4,0,21
100.5,0,21
100.6,0,21
100.7,0,21
100.8,0,21
100.9,0,21
101,0,21
101.1,0,21
101.2,0,21
101.3,0,21
101.4,0,20
101.5,0,20
101.6,0,20
101.7,0,21
101.8,0,21
101.9,0,21
102,0,21
102.1,0,21
102.2,0,21
102.3,0,21
102.4,0,21
102.5,0,21
102.6,0,21
102.7,0,21
102.8,0,21
102.9,0,21
103,0,21
103.1,0,21
103.2,0,21
103.3,0,21
103.4,0,21
103.5,0,21
103.6,0,21
103.7,0,21
103.8,0,21
103.9,0,20
104,0,20
104.1,0,20
104.2,0,20
104.3,0,20
104.4,0,20
104.5,0,20
104.6,0,20
104.7,0,20
104.8,0,20
104.9,0,20
105,0,20
105.1,0,20
105.2,0,20
105.3,0,20
105.4,0,20
105.5,0,20
105.6,0,20
105.7,0,20
105.8,0,20
105.9,0,20
106,0,20
106.1,0,20
106.2,0,20
106.3,0,20
106.4,0,20
106.5,0,20
106.6,0,20
106.7,0,20
106.8,0,20
106.9,0,20
107,0,20
107.1,0,20
107.2,0,20
107.3,0,20
107.4,0,20
107.5,0,20
107.6,0,20
107.7,0,20
107.8,0,20
107.9,0,20
108,0,20
108.1,0,9
108.2,0,9
108.3,0,20
108.4,0,20
108.5,0,20
108.6,0,20
108.7,0,20
108.8,0,20
108.9,0,20
109,0,9
109.1,0,9
109.2,0,9
109.3,0,19
109.4,0,19
109.5,0,19
109.6,0,19
109.7,0,19
109.8,0,19
109.9,0,19
110,0,20
110.1,0,20
110.2,0,20
110.3,0,20
110.4,0,20
110.5,0,20
110.6,0,20
110.7,0,20
110.8,0,20
110.9,0,20
111,0,20
111.1,0,20
111.2,0,20
111.3,0,20
111.4,0,20
111.5,0,20
111.6,0,20
111.7,0,20
111.8,0,20
111.9,0,20
112,0,20
112.1,0,20
112.2,0,19
112.3,0,19
112.4,0,19
112.5,0,19
112.6,0,19
112.7,0,19
112.8,0,19
112.9,0,19
113,0,19
113.1,0,19
113.2,0,19
113.3,0,19
113.4,0,19
113.5,0,18
113.6,0,18
113.7,0,18
113.8,0,18
113.9,0,18
114,0,18
114.1,0,18
114.2,0,18
114.3,0,18
114.4,0,18
114.5,0,18
114.6,0,18
114.7,0,18
114.8,0,18
114.9,0,18
115,0,18
115.1,0,18
115.2,0,18
115.3,0,18
115.4,0,18
115.5,0,18
115.6,0,18
115.7,0,18
115.8,0,18
115.9,0,18
116,0,18
116.1,0,18
116.2,0,18
116.3,0,18
116.4,0,17
116.5,0,17
116.6,0,17
116.7,0,17
116.8,0,17
116.9,0,17
117,0,17
117.1,0,17
117.2,0,17
117.3,0,17
117.4,0,17
117.5,0,16
117.6,0,16
117.7,0,16
117.8,0,16
117.9,0,16
118,0,16
118.1,0,16
118.2,0,16
118.3,0,16
118.4,0,16
118.5,0,16
118.6,0,16
118.7,0,16
118.8,0,16
118.9,0,16
119,0,16
119.1,0,16
119.2,0,16
119.3,0,16
119.4,0,16
119.5,0,16
119.6,0,16
119.7,0,16
119.8,0,16
119.9,0,16
120,0,16
120.1,0,16
120.2,0,16
120.3,0,16
120.4,0,16
120.5,0,16
120.6,0,16
120.7,0,16
120.8,0,16
120.9,0,16
121,0,16
121.1,0,16
121.2,0,16
121.3,0,16
121.4,0,16
121.5,0,16
121.6,0,16
121.7,0,16
121.8,0,16
121.9,0,16
122,0,16
122.1,0,16
122.2,0,16
122.3,0,15
122.4,0,15
122.5,0,15
122.6,0,15
122.7,0,15
122.8,0,15
122.9,0,15
123,0,15
123.1,0,15
123.2,0,15
123.3,0,15
123.4,0,15
123.5,0,15
123.6,0,15
123.7,0,15
123.8,0,15
123.9,0,15
124,0,15
124.1,0,15
124.2,0,15
124.3,0,15
124.4,0,15
124.5,0,15
124.6,0,15
124.7,0,15
124.8,0,15
124.9,0,15
125,0,15
125.1,0,15
125.2,0,15
125.3,0,15
125.4,0,15
125.5,0,15
125.6,0,15
125.7,0,15
125.8,0,15
125.9,0,15
126,0,15
126.1,0,15
126.2,0,15
126.3,0,15
126.4,0,15
126.5,0,15
126.6,0,15
126.7,0,15
126.8,0,15
126.9,0,15
127,0,15
127.1,0,15
127.2,0,15
127.3,0,15
127.4,0,15
127.5,0,15
127.6,0,15
127.7,0,15
127.8,0,15
127.9,0,15
128,0,15
128.1,0,15
128.2,0,15
128.3,0,15
128.4,0,15
128.5,0,15
128.6,0,15
128.7,0,15
128.8,0,15
128.9,0,15
129,0,15
129.1,0,15
129.2,0,15
129.3,0,15
129.4,0,15
129.5,0,15
129.6,0,15
129.7,0,15
129.8,0,15
129.9,0,15
130,720,15
130.1,720,14
130.2,720,14
130.3,720,14
130.4,720,14
130.5,720,14
130.6,720,14
130.7,720,14
130.8,720,14
130.9,720,16
131,2880,16
131.1,2880,16
131.2,2880,16
131.3,2880,19
131.4,2880,21
131.5,2880,21
131.6,2880,21
131.7,2880,21
131.8,2880,23
131.9,2880,23
132,3840,23
132.1,3840,25
132.2,3840,25
132.3,3840,27
132.4,3840,27
132.5,3840,29
132.6,3840,29
132.7,3840,29
132.8,3840,29
132.9,3840,32
133,3840,32
133.1,3840,32
133.2,3840,33
133.3,3840,32
133.4,3840,32
133.5,3840,32
133.6,3840,32
133.7,3840,32
133.8,3840,32
133.9,3840,32
134,480,32
134.1,480,32
134.2,480,32
134.3,480,32
134.4,480,32
134.5,480,32
134.6,480,32
134.7,480,32
134.8,480,32
134.9,480,32
135,240,32
135.1,240,32
135.2,240,32
135.3,240,32
135.4,240,31
135.5,240,31
135.6,240,32
135.7,240,32
135.8,240,31
135.9,240,31
136,0,31
136.1,0,31
136.2,0,31
136.3,0,31
136.4,0,31
136.5,0,31
136.6,0,31
136.7,0,31
136.8,0,31
136.9,0,31
137,0,31
137.1,0,31
137.2,0,31
137.3,0,31
137.4,0,31
137.5,0,31
137.6,0,31
137.7,0,31
137.8,0,31
137.9,0,31
138,0,31
138.1,0,31
138.2,0,31
138.3,0,31
138.4,0,31
138.5,0,31
138.6,0,31
138.7,0,31
138.8,0,31
138.9,0,30
139,0,30
139.1,0,30
139.2,0,30
139.3,0,30
139.4,0,30
139.5,0,30
139.6,0,30
139.7,0,30
139.8,0,30
139.9,0,30
140,0,30
140.1,0,30
140.2,0,30
140.3,0,30
140.4,0,30
140.5,0,30
140.6,0,30
140.7,0,30
140.8,0,30
140.9,0,30
141,0,30
141.1,0,30
141.2,0,29
141.3,0,29
141.4,0,29
141.5,0,29
141.6,0,29
141.7,0,29
141.8,0,29
141.9,0,29
142,0,29
142.1,0,28
142.2,0,28
142.3,0,29
142.4,0,29
142.5,0,29
142.6,0,29
142.7,0,29
142.8,0,29
142.9,0,29
143,0,29
143.1,0,29
143.2,0,29
143.3,0,29
143.4,0,14
143.5,0,14
143.6,0,29
143.7,0,29
143.8,0,28
143.9,0,28
144,0,28
144.1,0,28
144.2,0,28
144.3,0,28
144.4,0,28
144.5,0,28
144.6,0,27
144.7,0,27
144.8,0,27
144.9,0,27
145,0,27
145.1,0,27
145.2,0,27
145.3,0,9
145.4,0,9
145.5,0,28
145.6,0,28
145.7,0,28
145.8,0,27
145.9,0,27
146,0,27
146.1,0,27
146.2,0,27
146.3,0,27
146.4,0,27
146.5,0,27
146.6,0,27
146.7,0,26
146.8,0,26
146.9,0,27
147,0,27
147.1,0,27
147.2,0,27
147.3,0,27
147.4,0,27
147.5,0,27
147.6,0,27
147.7,0,27
147.8,0,27
147.9,0,27
148,0,27
148.1,0,26
148.2,0,26
148.3,0,27
148.4,0,27
148.5,0,27
148.6,0,26
148.7,0,26
148.8,0,26
148.9,0,26
149,0,26
149.1,0,26
149.2,0,26
149.3,0,26
149.4,0,25
149.5,0,25
149.6,0,26
149.7,0,26
149.8,0,26
149.9,0,25
150,0,26
150.1,0,26
150.2,0,26
150.3,0,26
150.4,0,26
150.5,0,26
150.6,0,26
150.7,0,26
150.8,0,26
150.9,0,26
151,0,26
151.1,0,26
151.2,0,26
151.3,0,26
151.4,0,26
151.5,0,26
151.6,0,26
151.7,0,26
151.8,0,25
151.9,0,25
152,0,25
152.1,0,25
152.2,0,25
152.3,0,24
152.4,0,24
152.5,0,24
152.6,0,25
152.7,0,25
152.8,0,25
152.9,0,25
153,0,25
153.1,0,25
153.2,0,25
153.3,0,25
153.4,0,25
153.5,0,25
153.6,0,25
153.7,0,25
153.8,0,25
153.9,0,25
154,0,25
154.1,0,25
154.2,0,25
154.3,0,25
154.4,0,24
154.5,0,24
154.6,0,24
154.7,0,24
154.8,0,24
154.9,0,24
155,0,24
155.1,0,24
155.2,0,24
155.3,0,24
155.4,0,24
155.5,0,24
155.6,0,24
155.7,0,24
155.8,0,24
155.9,0,24
156,0,24
156.1,0,24
156.2,0,24
156.3,0,24
156.4,0,24
156.5,0,24
156.6,0,24
156.7,0,24
156.8,0,24
156.9,0,24
157,0,24
157.1,0,24
157.2,0,24
157.3,0,24
157.4,0,24
157.5,0,24
157.6,0,23
157.7,0,23
157.8,0,23
157.9,0,23
158,0,23
158.1,0,23
158.2,0,23
158.3,0,23
158.4,0,23
158.5,0,23
158.6,0,23
158.7,0,23
158.8,0,23
158.9,0,23
159,0,23
159.1,0,23
159.2,0,23
159.3,0,23
159.4,0,23
159.5,0,23
159.6,0,23
159.7,0,23
159.8,0,23
159.9,0,23
160,0,23
160.1,0,23
160.2,0,23
160.3,0,11
160.4,0,11
160.5,0,11
160.6,0,11
160.7,0,22
160.8,0,22
160.9,0,22
161,0,22
161.1,0,22
161.2,0,22
161.3,0,22
161.4,0,22
161.5,0,22
161.6,0,22
161.7,0,22
161.8,0,22
161.9,0,22
162,0,22
162.1,0,22
162.2,0,22
162.3,0,22
162.4,0,22
162.5,0,22
162.6,0,22
162.7,0,22
162.8,1680,22
162.9,1680,22
163,1680,22
163.1,1680,22
163.2,1680,24
163.3,1680,24
163.4,1680,24
163.5,1680,25
163.6,1680,25
163.7,1680,27
163.8,4080,27
163.9,4080,27
164,4080,29
164.1,4080,29
164.2,4080,30
164.3,4080,30
164.4,4080,31
164.5,4080,31
164.6,4080,31
164.7,4080,31
164.8,1920,31
164.9,1920,31
165,1920,31
165.1,1920,31
165.2,1920,31
165.3,1920,31
165.4,1920,31
165.5,1920,31
165.6,1920,31
165.7,1920,31
165.8,360,31
165.9,360,15
166,360,15
166.1,360,31
166.2,360,31
166.3,360,31
166.4,360,31
166.5,360,31
166.6,360,31
166.7,360,31
166.8,0,31
166.9,0,31
167,0,31
167.1,0,31
167.2,0,31
167.3,0,31
167.4,0,30
167.5,0,30
167.6,0,31
167.7,0,30
167.8,0,30
167.9,0,30
168,0,30
168.1,0,30
168.2,0,30
168.3,0,30
168.4,0,30
168.5,0,30
168.6,0,30
168.7,0,29
168.8,0,29
168.9,0,30
169,0,30
169.1,0,30
169.2,0,30
169.3,0,14
169.4,0,14
169.5,0,29
169.6,0,29
169.7,0,29
169.8,0,29
169.9,0,29
170,0,29
170.1,0,29
170.2,0,29
170.3,0,29
170.4,0,29
170.5,0,29
170.6,0,29
170.7,0,29
170.8,0,29
170.9,0,29
171,0,29
171.1,0,29
171.2,0,29
171.3,0,29
171.4,0,29
171.5,0,29
171.6,0,29
171.7,0,29
171.8,0,29
171.9,0,28
172,0,28
172.1,0,28
172.2,0,28
172.3,0,28
172.4,0,28
172.5,0,28
172.6,0,14
172.7,0,14
172.8,0,14
172.9,0,27
173,0,27
173.1,0,28
173.2,0,28
173.3,0,27
173.4,0,27
173.5,0,27
173.6,0,28
173.7,0,28
173.8,0,28
173.9,0,28
174,0,28
174.1,0,28
174.2,0,28
174.3,0,28
174.4,0,28
174.5,0,28
174.6,0,28
174.7,0,27
174.8,0,27
174.9,0,27
175,0,27
175.1,0,27
175.2,0,27
175.3,0,27
175.4,0,27
175.5,0,27
175.6,0,27
175.7,0,27
175.8,0,27
175.9,0,27
176,0,27
176.1,0,27
176.2,0,27
176.3,0,27
176.4,0,27
176.5,0,27
176.6,0,27
176.7,0,27
176.8,0,13
176.9,0,13
177,0,13
177.1,0,27
177.2,0,27
177.3,0,26
177.4,0,26
177.5,0,26
177.6,0,26
177.7,0,26
177.8,0,26
177.9,0,26
178,0,26
178.1,0,26
178.2,0,26
178.3,0,26
178.4,0,26
178.5,0,26
178.6,0,26
178.7,0,26
178.8,0,26
178.9,0,26
179,0,26
179.1,0,26
179.2,0,26
179.3,0,26
179.4,0,26
179.5,0,26
179.6,0,26
179.7,0,26
179.8,0,26
179.9,0,26
180,0,26
180.1,0,26
180.2,0,26
180.3,0,26
180.4,0,26
180.5,0,26
180.6,0,26
180.7,0,25
180.8,0,25
180.9,0,25
181,0,25
181.1,0,25
181.2,0,25
181.3,0,25
181.4,0,25
181.5,0,25
181.6,0,25
181.7,0,25
181.8,0,25
181.9,0,25
182,0,25
182.1,0,25
182.2,0,25
182.3,0,25
182.4,0,25
182.5,0,25
182.6,0,25
182.7,0,25
182.8,0,25
182.9,0,25
183,0,12
183.1,0,12
183.2,0,25
183.3,0,25
183.4,0,25
183.5,0,25
183.6,0,25
183.7,0,25
183.8,0,25
183.9,0,24
184,0,24
184.1,0,24
184.2,0,24
184.3,0,24
184.4,0,24
184.5,0,24
184.6,0,24
184.7,0,24
184.8,0,24
184.9,0,24
185,0,24
185.1,0,24
185.2,0,24
185.3,0,24
185.4,0,24
185.5,0,24
185.6,0,24
185.7,0,23
185.8,0,23
185.9,0,24
186,0,24
186.1,0,24
186.2,0,24
186.3,0,24
186.4,0,23
186.5,0,23
186.6,0,23
186.7,0,24
186.8,0,24
186.9,0,24
187,0,24
187.1,0,24
187.2,0,24
187.3,0,24
187.4,0,24
187.5,0,24
187.6,0,24
187.7,0,24
187.8,0,24
187.9,0,24
188,0,23
188.1,0,23
188.2,0,23
188.3,0,23
188.4,0,23
188.5,0,23
188.6,0,23
188.7,0,23
188.8,0,23
188.9,0,23
189,0,23
189.1,0,23
189.2,0,22
189.3,0,22
189.4,0,23
189.5,0,23
189.6,0,23
189.7,0,23
189.8,0,23
189.9,0,23
190,0,22
190.1,0,22
190.2,0,22
190.3,0,23
190.4,0,23
190.5,0,23
190.6,0,23
190.7,0,23
190.8,0,23
190.9,0,23
191,0,23
191.1,0,23
191.2,0,22
191.3,0,22
191.4,0,22
191.5,0,22
191.6,0,22
191.7,0,22
191.8,0,22
191.9,0,22
192,0,22
192.1,0,22
192.2,0,22
192.3,0,22
192.4,0,22
192.5,0,22
192.6,0,22
192.7,0,22
192.8,0,22
192.9,0,22
193,0,22
193.1,0,22
193.2,0,22
193.3,0,22
193.4,0,22
193.5,0,22
193.6,0,22
193.7,0,22
193.8,0,22
193.9,0,22
194,0,22
194.1,0,22
194.2,0,22
194.3,0,22
194.4,0,22
194.5,0,22
194.6,0,22
194.7,0,22
194.8,0,22
194.9,0,21
195,0,21
195.1,0,21
195.2,0,21
195.3,0,21
195.4,0,21
195.5,0,21
195.6,0,21
195.7,0,21
195.8,0,21
195.9,0,21
196,0,21
196.1,0,21
196.2,0,21
196.3,0,21
196.4,0,21
196.5,0,21
196.6,0,21
196.7,0,10
196.8,0,10
196.9,0,10
197,0,10
197.1,0,21
197.2,0,21
197.3,0,21
197.4,0,21
197.5,0,21
197.6,0,21
197.7,0,21
197.8,0,21
197.9,0,21
198,0,21
198.1,0,21
198.2,0,21
198.3,0,21
198.4,0,21
198.5,0,21
198.6,0,21
198.7,0,21
198.8,0,21
198.9,0,21
199,0,21
199.1,0,20
199.2,0,20
199.3,0,20
199.4,0,20
199.5,0,20
199.6,0,20
199.7,0,20
199.8,0,20
199.9,0,20
200,0,20
200.1,0,20
200.2,0,20
200.3,0,20
200.4,0,20
200.5,0,20
200.6,0,20
200.7,0,20
200.8,0,20
200.9,0,20
201,0,20
201.1,0,20
201.2,0,20
201.3,0,20
201.4,0,20
201.5,0,20
201.6,0,20
201.7,0,19
201.8,0,19
201.9,0,19
202,0,19
202.1,0,19
202.2,0,19
202.3,0,19
202.4,0,9
202.5,0,9
202.6,0,20
202.7,0,20
202.8,0,20
202.9,0,19
203,0,19
203.1,0,19
203.2,0,19
203.3,0,19
203.4,0,19
203.5,0,19
203.6,0,19
203.7,0,19
203.8,0,19
203.9,0,19
204,0,19
204.1,0,19
204.2,0,19
204.3,0,19
204.4,0,19
204.5,0,19
204.6,0,19
204.7,0,19
204.8,0,19
204.9,0,19
205,0,19
205.1,0,19
205.2,0,19
205.3,0,19
205.4,0,19
205.5,0,19
205.6,0,19
205.7,0,19
205.8,0,19
205.9,0,19
206,0,19
206.1,0,19
206.2,0,19
206.3,0,19
206.4,0,19
206.5,0,19
206.6,0,19
206.7,0,19
206.8,0,19
206.9,0,19
207,0,19
207.1,0,19
207.2,0,19
207.3,0,19
207.4,0,18
207.5,0,18
207.6,0,18
207.7,0,18
207.8,0,18
207.9,0,18
208,0,18
208.1,0,18
208.2,0,18
208.3,0,18
208.4,0,18
208.5,0,18
208.6,0,18
208.7,0,18
208.8,0,18
208.9,0,18
209,0,18
209.1,0,18
209.2,0,18
209.3,0,18
209.4,0,17
209.5,0,17
209.6,0,17
209.7,0,17
209.8,0,18
209.9,0,18
210,0,18
210.1,0,18
210.2,0,18
210.3,0,18
210.4,0,18
210.5,0,18
210.6,0,18
210.7,0,18
210.8,0,18
210.9,0,18
211,0,18
211.1,0,18
211.2,0,18
211.3,0,18
211.4,0,18
211.5,0,18
211.6,0,18
211.7,0,18
211.8,0,18
211.9,0,18
212,0,18
212.1,0,18
212.2,0,18
212.3,0,18
212.4,0,18
212.5,0,18
212.6,0,18
212.7,0,18
212.8,0,18
212.9,0,18
213,0,18
213.1,0,18
213.2,0,18
213.3,0,18
213.4,0,17
213.5,0,17
213.6,0,17
213.7,0,17
213.8,0,17
213.9,0,17
214,0,17
214.1,0,17
214.2,0,17
214.3,0,17
214.4,0,17
214.5,0,17
214.6,0,17
214.7,0,17
214.8,0,17
214.9,0,17
215,0,17
215.1,0,17
215.2,0,17
215.3,0,17
215.4,0,17
215.5,0,17
215.6,0,17
215.7,0,17
215.8,0,17
215.9,0,17
216,0,17
216.1,0,17
216.2,0,17
216.3,0,17
216.4,0,17
216.5,0,17
216.6,0,17
216.7,0,17
216.8,0,17
216.9,0,17
217,0,17
217.1,0,17
217.2,0,17
217.3,0,17
217.4,0,17
217.5,0,17
217.6,0,17
217.7,0,17
217.8,0,17
217.9,0,17
218,0,17
218.1,0,17
218.2,0,17
218.3,0,17
218.4,0,17
218.5,0,17
218.6,0,17
218.7,0,17
218.8,0,17
218.9,0,17
219,0,16
219.1,0,16
219.2,0,16
219.3,0,16
219.4,0,16
219.5,0,16
219.6,0,16
219.7,0,16
219.8,0,16
219.9,0,16
220,0,16
220.1,0,16
220.2,0,16
220.3,0,16
220.4,0,16
220.5,0,16
220.6,0,16
220.7,0,16
220.8,0,16
220.9,0,16
221,0,16
221.1,0,16
221.2,0,16
221.3,0,16
221.4,0,16
221.5,0,16
221.6,0,16
221.7,0,16
221.8,0,16
221.9,0,16
222,0,16
222.1,0,16
222.2,0,16
222.3,0,16
222.4,0,16
222.5,0,16
222.6,0,16
222.7,0,16
222.8,0,16
222.9,0,15
223,0,15
223.1,0,15
223.2,0,15
223.3,0,15
223.4,0,15
223.5,0,15
223.6,0,15
223.7,0,15
223.8,0,15
223.9,0,15
224,0,15
224.1,0,15
224.2,0,15
224.3,0,15
224.4,0,15
224.5,0,15
224.6,0,15
224.7,0,15
224.8,0,15
224.9,0,15
225,0,15
225.1,0,15
225.2,0,15
225.3,0,15
225.4,0,15
225.5,0,15
225.6,0,15
225.7,0,15
225.8,0,15
225.9,0,15
226,0,15
226.1,0,15
226.2,0,15
226.3,0,15
226.4,0,15
226.5,0,15
226.6,0,15
226.7,0,15
226.8,0,15
226.9,0,15
227,0,15
227.1,0,15
227.2,0,16
227.3,0,16
227.4,0,16
227.5,0,15
227.6,0,15
227.7,0,15
227.8,0,15
227.9,0,15
228,0,15
228.1,0,15
228.2,0,15
228.3,0,15
228.4,0,15
228.5,0,15
228.6,0,15
228.7,0,15
228.8,0,15
228.9,0,15
229,0,15
229.1,0,15
229.2,0,15
229.3,0,15
229.4,0,15
229.5,0,15
229.6,0,15
229.7,0,15
229.8,0,15
229.9,0,15
230,0,15
230.1,0,14
230.2,0,14
230.3,0,14
230.4,0,14
230.5,0,14
230.6,0,14
230.7,0,14
230.8,0,14
230.9,0,14
231,0,14
231.1,0,14
231.2,0,14
231.3,0,14
231.4,0,14
231.5,0,14
231.6,0,14
231.7,0,14
231.8,0,14
231.9,0,14
232,0,14
232.1,0,14
232.2,0,14
232.3,0,14
232.4,0,14
232.5,0,14
232.6,0,14
232.7,0,14
232.8,0,14
232.9,0,14
233,0,14
233.1,0,14
233.2,0,14
233.3,1200,14
233.4,1200,14
233.5,1200,14
233.6,1200,14
233.7,1200,14
233.8,1200,14
233.9,1200,17
234,1200,17
234.1,1200,17
234.2,1200,17
234.3,3240,19
234.4,3240,19
234.5,3240,19
234.6,3240,19
234.7,3240,21
234.8,3240,21
234.9,3240,23
235,3240,23
235.1,3240,25
235.2,3720,25
235.3,3720,25
235.4,3720,27
235.5,3720,27
235.6,3720,28
235.7,3720,28
235.8,3720,28
235.9,3720,28
236,3720,28
236.1,3720,28
236.2,720,28
236.3,720,27
236.4,720,27
236.5,720,28
236.6,720,28
236.7,720,28
236.8,720,28
236.9,720,28
237,720,28
237.1,720,28
237.2,720,28
237.3,240,28
237.4,240,28
237.5,240,28
237.6,240,28
237.7,240,28
237.8,240,28
237.9,240,28
238,240,28
238.1,240,28
238.2,240,28
238.3,0,28
238.4,0,28
238.5,0,28
238.6,0,28
238.7,0,28
238.8,0,28
238.9,0,28
239,0,28
239.1,0,28
239.2,0,28
239.3,0,28
239.4,0,28
239.5,0,28
239.6,0,28
239.7,0,28
239.8,0,27
239.9,0,27
240,0,27
240.1,0,27
240.2,0,27
240.3,0,27
240.4,0,27
240.5,0,27
240.6,0,27
240.7,0,27
240.8,0,27
240.9,0,27
241,0,27
241.1,0,27
241.2,0,27
241.3,0,27
241.4,0,27
241.5,0,27
241.6,0,27
241.7,0,27
241.8,0,27
241.9,0,27
242,0,27
242.1,0,27
242.2,0,27
242.3,0,27
242.4,0,27
242.5,0,27
242.6,0,26
242.7,0,26
242.8,0,26
242.9,0,26
243,0,26
243.1,0,26
243.2,0,26
243.3,0,26
243.4,0,26
243.5,0,26
243.6,0,26
243.7,0,26
243.8,0,26
243.9,0,26
244,0,26
244.1,0,26
244.2,0,26
244.3,0,26
244.4,0,26
244.5,0,26
244.6,0,26
244.7,0,26
244.8,0,26
244.9,0,26
245,0,26
245.1,0,26
245.2,0,26
245.3,0,26
245.4,0,26
245.5,0,26
245.6,0,26
245.7,0,26
245.8,0,26
245.9,0,26
246,0,26
246.1,0,25
246.2,0,25
246.3,0,25
246.4,0,25
246.5,0,25
246.6,0,25
246.7,0,25
246.8,0,25
246.9,0,25
247,0,25
247.1,0,25
247.2,0,25
247.3,0,25
247.4,0,25
247.5,0,25
247.6,0,25
247.7,0,25
247.8,0,25
247.9,0,24
248,0,24
248.1,0,25
248.2,0,25
248.3,0,25
248.4,0,25
248.5,0,25
248.6,0,25
248.7,0,25
248.8,0,25
248.9,0,25
249,0,25
249.1,0,25
249.2,0,25
249.3,0,25
249.4,0,24
249.5,0,24
249.6,0,24
249.7,0,24
249.8,0,24
249.9,0,24
250,0,24
250.1,0,24
250.2,0,12
250.3,0,12
250.4,0,24
250.5,0,24
250.6,0,24
250.7,0,24
250.8,0,24
250.9,0,24
251,0,24
251.1,0,24
251.2,0,24
251.3,0,24
251.4,0,24
251.5,0,7
251.6,0,7
251.7,0,7
251.8,0,7
251.9,0,7
252,0,7
252.1,0,12
252.2,0,12
252.3,0,24
252.4,0,24
252.5,0,24
252.6,0,24
252.7,0,24
252.8,0,24
252.9,0,24
253,0,24
253.1,0,24
253.2,0,24
253.3,0,24
253.4,0,24
253.5,0,24
253.6,0,24
253.7,0,24
253.8,0,24
253.9,0,24
254,0,24
254.1,0,24
254.2,0,24
254.3,0,24
254.4,0,24
254.5,0,24
254.6,0,24
254.7,0,24
254.8,0,24
254.9,0,24
255,0,23
255.1,0,23
255.2,0,23
255.3,0,23
255.4,0,23
255.5,0,23
255.6,0,23
255.7,0,23
255.8,0,23
255.9,0,23
256,0,23
256.1,0,23
256.2,0,23
256.3,0,23
256.4,0,23
256.5,0,23
256.6,0,23
256.7,0,23
256.8,0,23
256.9,0,23
257,0,22
257.1,0,22
257.2,0,22
257.3,0,22
257.4,0,11
257.5,0,11
257.6,0,11
257.7,0,11
257.8,0,23
257.9,0,23
258,0,23
258.1,0,23
258.2,0,23
258.3,0,23
258.4,0,23
258.5,0,23
258.6,0,23
258.7,0,23
258.8,0,22
258.9,0,22
259,0,22
259.1,0,22
259.2,0,23
259.3,0,23
259.4,0,22
259.5,0,22
259.6,0,22
259.7,0,22
259.8,0,23
259.9,0,23
260,0,22
260.1,0,22
260.2,0,22
260.3,0,22
260.4,0,22
260.5,0,22
260.6,0,22
260.7,0,22
260.8,0,22
260.9,0,22
261,0,22
261.1,0,22
261.2,0,22
261.3,0,22
261.4,0,22
261.5,0,22
261.6,0,22
261.7,0,11
261.8,0,11
261.9,0,11
262,0,22
262.1,0,22
262.2,0,22
262.3,0,22
262.4,0,22
262.5,0,22
262.6,0,22
262.7,0,22
262.8,0,22
262.9,0,10
263,0,10
263.1,0,22
263.2,0,22
263.3,0,22
263.4,0,22
263.5,0,22
263.6,0,22
263.7,0,22
263.8,0,22
263.9,0,22
264,0,21
264.1,0,21
264.2,0,21
264.3,0,22
264.4,0,22
264.5,0,22
264.6,0,22
264.7,0,22
264.8,0,22
264.9,0,22
265,0,22
265.1,0,22
265.2,0,21
265.3,0,21
265.4,0,21
265.5,0,21
265.6,0,21
265.7,0,21
265.8,0,21
265.9,0,21
266,0,21
266.1,0,21
266.2,0,21
266.3,0,21
266.4,0,21
266.5,0,21
266.6,0,21
266.7,0,21
266.8,0,21
266.9,0,21
267,120,21
267.1,120,21
267.2,120,21
267.3,120,21
267.4,120,21
267.5,120,21
267.6,120,21
267.7,120,21
267.8,120,21
267.9,120,21
268,2040,21
268.1,2040,21
268.2,2040,22
268.3,2040,22
268.4,2040,22
268.5,2040,24
268.6,2040,24
268.7,2040,26
268.8,2040,26
268.9,3960,27
269,3960,27
269.1,3960,27
269.2,3960,29
269.3,3960,29
269.4,3960,31
269.5,3960,31
269.6,3960,31
269.7,3960,33
269.8,3960,33
269.9,3960,33
270,4800,35
270.1,4800,36
270.2,4800,36
270.3,4800,36
270.4,4800,36
270.5,4800,36
270.6,4800,36
270.7,4800,36
270.8,4800,36
270.9,4800,36
271,120,35
271.1,120,35
271.2,120,35
271.3,120,35
271.4,120,35
271.5,120,35
271.6,120,35
271.7,120,35
271.8,120,17
271.9,240,17
272,240,35
272.1,240,35
272.2,240,35
272.3,240,17
272.4,240,17
272.5,240,17
272.6,240,35
272.7,240,35
272.8,240,35
272.9,240,35
273,0,35
273.1,0,34
273.2,0,34
273.3,0,34
273.4,0,34
273.5,0,34
273.6,0,34
273.7,0,34
273.8,0,34
273.9,0,17
274,0,34
274.1,0,34
274.2,0,34
274.3,0,34
274.4,0,34
274.5,0,34
274.6,0,34
274.7,0,34
274.8,0,33
274.9,0,33
275,0,33
275.1,0,33
275.2,0,34
275.3,0,34
275.4,0,34
275.5,0,34
275.6,0,34
275.7,0,34
275.8,0,34
275.9,0,34
276,0,34
276.1,0,33
276.2,0,33
276.3,0,33
276.4,0,33
276.5,0,33
276.6,0,33
276.7,0,33
276.8,0,33
276.9,0,33
277,0,33
277.1,0,32
277.2,0,32
277.3,0,33
277.4,0,33
277.5,0,33
277.6,0,33
277.7,0,33
277.8,0,33
277.9,0,33
278,0,33
278.1,0,33
278.2,0,33
278.3,0,33
278.4,0,32
278.5,0,32
278.6,0,32
278.7,0,32
278.8,0,32
278.9,0,32
279,0,32
279.1,0,32
279.2,0,32
279.3,0,32
279.4,0,32
279.5,0,32
279.6,0,32
279.7,0,32
279.8,0,32
279.9,0,32
280,0,32
280.1,0,32
280.2,0,32
280.3,0,32
280.4,0,32
280.5,0,32
280.6,0,32
280.7,0,32
280.8,0,32
280.9,0,32
281,0,32
281.1,0,32
281.2,0,32
281.3,0,31
281.4,0,31
281.5,0,32
281.6,0,32
281.7,0,32
281.8,0,32
281.9,0,31
282,0,31
282.1,0,31
282.2,0,31
282.3,0,31
282.4,0,31
282.5,0,31
282.6,0,31
282.7,0,31
282.8,0,31
282.9,0,31
283,0,31
283.1,0,31
283.2,0,31
283.3,0,31
283.4,0,31
283.5,0,31
283.6,0,31
283.7,0,31
283.8,0,31
283.9,0,30
284,0,30
284.1,0,31
284.2,0,31
284.3,0,31
284.4,0,31
284.5,0,31
284.6,0,15
284.7,0,31
284.8,0,31
284.9,0,31
285,0,30
285.1,0,30
285.2,0,30
285.3,0,30
285.4,0,30
285.5,0,30
285.6,0,30
285.7,0,30
285.8,0,30
285.9,0,30
286,0,30
286.1,0,30
286.2,0,30
286.3,0,30
286.4,0,30
286.5,0,30
286.6,0,30
286.7,0,29
286.8,0,29
286.9,0,29
287,0,29
287.1,0,29
287.2,0,29
287.3,0,29
287.4,0,29
287.5,0,29
287.6,0,29
287.7,0,14
287.8,0,14
287.9,0,29
288,0,29
288.1,0,29
288.2,0,28
288.3,0,28
288.4,0,29
288.5,0,29
288.6,0,29
288.7,0,29
288.8,0,29
288.9,0,29
289,0,29
289.1,0,29
289.2,0,29
289.3,0,29
289.4,0,28
289.5,0,28
289.6,0,29
289.7,0,29
289.8,0,29
289.9,0,29
290,0,29
290.1,0,29
290.2,0,29
290.3,0,29
290.4,0,29
290.5,0,29
290.6,0,29
290.7,0,28
290.8,0,28
290.9,0,29
291,0,29
291.1,0,28
291.2,0,28
291.3,0,28
291.4,0,28
291.5,0,28
291.6,0,28
291.7,0,28
291.8,0,27
291.9,0,27
292,0,27
292.1,0,28
292.2,0,28
292.3,0,28
292.4,0,28
292.5,0,28
292.6,0,28
292.7,0,28
292.8,0,28
292.9,0,28
293,0,28
293.1,0,28
293.2,0,28
293.3,0,28
293.4,0,28
293.5,0,28
293.6,0,28
293.7,0,28
293.8,0,28
293.9,0,28
294,0,28
294.1,0,28
294.2,0,28
294.3,0,28
294.4,0,28
294.5,0,28
294.6,0,28
294.7,0,27
294.8,0,27
294.9,0,27
295,0,27
295.1,0,27
295.2,0,27
295.3,0,27
295.4,0,27
295.5,0,27
295.6,0,27
295.7,0,27
295.8,0,27
295.9,0,27
296,0,27
296.1,0,27
296.2,0,27
296.3,0,27
296.4,0,27
296.5,0,27
296.6,0,27
296.7,0,27
296.8,0,27
296.9,0,27
297,0,27
297.1,0,27
297.2,0,27
297.3,0,27
297.4,0,13
297.5,0,13
297.6,0,27
297.7,0,27
297.8,0,27
297.9,0,27
298,0,27
298.1,0,27
298.2,0,27
298.3,0,27
298.4,0,27
298.5,0,27
298.6,0,27
298.7,0,27
298.8,0,27
298.9,0,27
299,0,27
299.1,0,27
299.2,0,27
299.3,0,27
299.4,0,27
299.5,0,27
299.6,0,27
299.7,0,27
299.8,0,21
299.9,0,21
300,0,21
300.1,0,21
300.2,0,21
300.3,0,21
300.4,0,21
300.5,0,21
300.6,0,21
300.7,0,21
300.8,0,21
300.9,0,21
301,0,21
301.1,0,21
301.2,0,21
301.3,0,21
301.4,0,21
301.5,0,21
301.6,0,21
301.7,0,21
301.8,0,20
301.9,0,20
302,0,20
302.1,0,20
302.2,0,20
302.3,0,20
302.4,0,20
302.5,0,20
302.6,0,20
302.7,0,20
302.8,0,20
302.9,0,20
303,0,20
303.1,0,20
303.2,0,20
303.3,0,20
303.4,0,20
303.5,0,20
303.6,0,20
303.7,0,20
303.8,0,20
303.9,0,20
304,0,20
304.1,0,20
304.2,0,20
304.3,0,21
304.4,0,21
304.5,0,21
304.6,0,21
304.7,0,21
304.8,0,21
304.9,0,21
305,0,21
305.1,0,21
305.2,0,21
305.3,0,21
305.4,0,21
305.5,0,21
305.6,0,20
305.7,0,20
305.8,0,20
305.9,0,20
306,0,20
306.1,0,20
306.2,0,20
306.3,0,20
306.4,0,20
306.5,0,20
306.6,0,20
306.7,0,20
306.8,0,20
306.9,0,20
307,0,20
307.1,0,19
307.2,0,19
307.3,0,19
307.4,0,19
307.5,0,19
307.6,0,19
307.7,0,19
307.8,0,19
307.9,0,19
308,0,19
308.1,0,19
308.2,0,19
308.3,0,19
308.4,0,19
308.5,0,19
308.6,0,19
308.7,0,19
308.8,0,19
308.9,0,19
309,0,19
309.1,0,19
309.2,0,19
309.3,0,19
309.4,0,19
309.5,0,19
309.6,0,18
309.7,0,18
309.8,0,18
309.9,0,18
310,0,18
310.1,0,18
310.2,0,18
310.3,0,18
310.4,0,18
310.5,0,18
310.6,0,18
310.7,0,18
310.8,0,18
310.9,0,18
311,0,17
311.1,0,17
311.2,0,17
311.3,0,17
311.4,0,17
311.5,0,17
311.6,0,17
311.7,0,17
311.8,0,17
311.9,0,17
312,0,17
312.1,0,17
312.2,0,17
312.3,0,17
312.4,0,17
312.5,0,17
312.6,0,17
312.7,0,17
312.8,0,17
312.9,0,17
313,0,17
313.1,0,17
313.2,0,17
313.3,0,17
313.4,0,17
313.5,0,17
313.6,0,17
313.7,0,17
313.8,0,17
313.9,0,17
314,0,16
314.1,0,16
314.2,0,16
314.3,0,16
314.4,0,16
314.5,0,16
314.6,0,16
314.7,0,16
314.8,0,16
314.9,0,16
315,0,16
315.1,0,16
315.2,0,16
315.3,0,16
315.4,0,16
315.5,0,16
315.6,0,16
315.7,0,16
315.8,0,16
315.9,0,16
316,0,16
316.1,0,16
316.2,0,16
316.3,0,16
316.4,0,16
316.5,0,16
316.6,0,16
316.7,0,16
316.8,0,16
316.9,0,16
317,0,16
317.1,0,16
317.2,0,16
317.3,0,16
317.4,0,16
317.5,0,16
317.6,0,16
317.7,0,16
317.8,0,16
317.9,0,16
318,0,16
318.1,0,16
318.2,0,16
318.3,0,16
318.4,0,16
318.5,0,16
318.6,0,16
318.7,0,16
318.8,0,16
318.9,0,15
319,0,15
319.1,0,15
319.2,0,16
319.3,0,16
319.4,0,16
319.5,0,16
319.6,0,16
319.7,0,15
319.8,0,15
319.9,0,15
320,0,15
320.1,0,15
320.2,0,15
320.3,0,15
320.4,0,15
320.5,0,15
320.6,0,15
320.7,0,15
320.8,0,15
320.9,0,15
321,0,15
321.1,0,15
321.2,0,15
321.3,0,15
321.4,0,15
321.5,0,15
321.6,0,15
321.7,0,15
321.8,0,15
321.9,0,15
322,0,15
322.1,0,15
322.2,0,15
322.3,0,15
322.4,0,15
322.5,0,15
322.6,0,15
322.7,0,15
322.8,0,15
322.9,0,15
323,0,15
323.1,0,15
323.2,0,15
323.3,0,15
323.4,0,15
323.5,0,15
323.6,0,15
323.7,0,15
323.8,0,15
323.9,840,15
324,840,15
324.1,840,15
324.2,840,15
324.3,840,15
324.4,840,15
324.5,840,15
324.6,840,15
324.7,840,16
324.8,2880,16
324.9,2880,16
325,2880,19
325.1,2880,19
325.2,2880,19
325.3,2880,21
325.4,2880,21
325.5,2880,21
325.6,2880,23
325.7,2880,23
325.8,2880,23
325.9,4080,26
326,4080,26
326.1,4080,28
326.2,4080,28
326.3,4080,29
326.4,4080,29
326.5,4080,31
326.6,4080,31
326.7,4080,32
326.8,2880,32
326.9,2880,31
327,2880,31
327.1,2880,31
327.2,2880,31
327.3,2880,32
327.4,2880,32
327.5,2880,31
327.6,2880,31
327.7,2880,31
327.8,480,31
327.9,480,31
328,480,31
328.1,480,31
328.2,480,31
328.3,480,31
328.4,480,31
328.5,480,31
328.6,480,31
328.7,480,31
328.8,0,31
328.9,0,31
329,0,31
329.1,0,31
329.2,0,31
329.3,0,31
329.4,0,31
329.5,0,31
329.6,0,31
329.7,0,31
329.8,0,31
329.9,0,31
330,0,30
330.1,0,30
330.2,0,31
330.3,0,31
330.4,0,31
330.5,0,30
330.6,0,30
330.7,0,30
330.8,0,30
330.9,0,30
331,0,30
331.1,0,30
331.2,0,30
331.3,0,30
331.4,0,30
331.5,0,30
331.6,0,30
331.7,0,30
331.8,0,30
331.9,0,30
332,0,30
332.1,0,30
332.2,0,30
332.3,0,30
332.4,0,30
332.5,0,30
332.6,0,30
332.7,0,30
332.8,0,30
332.9,0,30
333,0,30
333.1,0,30
333.2,0,30
333.3,0,29
333.4,0,29
333.5,0,29
333.6,0,29
333.7,0,29
333.8,0,29
333.9,0,29
334,0,29
334.1,0,29
334.2,0,29
334.3,0,29
334.4,0,29
334.5,0,14
334.6,0,14
334.7,0,14
334.8,0,29
334.9,0,29
335,0,29
335.1,0,29
335.2,0,29
335.3,0,29
335.4,0,29
335.5,0,14
335.6,0,14
335.7,0,29
335.8,0,29
335.9,0,29
336,0,28
336.1,0,28
336.2,0,28
336.3,0,28
336.4,0,28
336.5,0,28
336.6,0,28
336.7,0,28
336.8,0,14
336.9,0,14
337,0,14
337.1,0,14
337.2,0,13
337.3,0,13
337.4,0,13
337.5,0,13
337.6,0,13
337.7,0,13
337.8,0,13
337.9,0,27
338,0,27
338.1,0,27
338.2,0,27
338.3,0,27
338.4,0,28
338.5,0,28
338.6,0,28
338.7,0,27
338.8,0,27
338.9,0,27
339,0,27
339.1,0,27
339.2,0,27
339.3,0,27
339.4,0,27
339.5,0,27
339.6,0,27
339.7,0,27
339.8,0,27
339.9,0,27
340,0,27
340.1,0,27
340.2,0,27
340.3,0,27
340.4,0,27
340.5,0,27
340.6,0,27
340.7,0,27
340.8,0,27
340.9,0,27
341,0,27
341.1,0,26
341.2,0,26
341.3,0,25
341.4,0,25
341.5,0,25
341.6,0,25
341.7,0,25
341.8,0,13
341.9,0,13
342,0,26
342.1,0,26
342.2,0,26
342.3,0,26
342.4,0,26
342.5,0,26
342.6,0,26
342.7,0,26
342.8,0,26
342.9,0,26
343,0,26
343.1,0,26
343.2,0,26
343.3,0,26
343.4,0,26
343.5,0,26
343.6,0,26
343.7,0,26
343.8,0,12
343.9,0,12
344,0,25
344.1,0,25
344.2,0,25
344.3,0,25
344.4,0,25
344.5,0,25
344.6,0,25
344.7,0,25
344.8,0,25
344.9,0,25
345,0,25
345.1,0,25
345.2,0,25
345.3,0,25
345.4,0,25
345.5,0,25
345.6,0,25
345.7,0,25
345.8,0,25
345.9,0,25
346,0,25
346.1,0,25
346.2,0,25
346.3,0,25
346.4,0,25
346.5,0,25
346.6,0,25
346.7,0,25
346.8,0,25
346.9,0,25
347,0,25
347.1,0,25
347.2,0,24
347.3,0,24
347.4,0,25
347.5,0,25
347.6,0,24
347.7,0,24
347.8,0,24
347.9,0,24
348,0,24
348.1,0,24
348.2,0,24
348.3,0,24
348.4,0,24
348.5,0,24
348.6,0,24
348.7,0,24
348.8,0,24
348.9,0,24
349,0,24
349.1,0,24
349.2,0,24
349.3,0,24
349.4,0,24
349.5,0,24
349.6,0,24
349.7,0,24
349.8,0,24
349.9,0,24
350,0,24
350.1,0,24
350.2,0,24
350.3,0,24
350.4,0,23
350.5,0,23
350.6,0,23
350.7,0,23
350.8,0,23
350.9,0,23
351,0,23
351.1,0,23
351.2,0,23
351.3,0,23
351.4,0,23
351.5,0,23
351.6,0,23
351.7,0,23
351.8,0,23
351.9,0,23
352,0,11
352.1,0,11
352.2,0,11
352.3,0,23
352.4,0,23
352.5,0,23
352.6,0,23
352.7,0,23
352.8,0,23
352.9,0,23
353,0,23
353.1,0,22
353.2,0,22
353.3,0,22
353.4,0,22
353.5,0,22
353.6,0,22
353.7,0,22
353.8,0,22
353.9,0,22
354,0,22
354.1,0,22
354.2,0,22
354.3,0,22
354.4,0,22
354.5,0,22
354.6,0,22
354.7,0,22
354.8,0,22
354.9,0,22
355,0,22
355.1,0,22
355.2,0,22
355.3,0,22
355.4,0,22
355.5,0,22
355.6,0,22
355.7,720,22
355.8,720,22
355.9,720,22
356,720,21
356.1,720,21
356.2,720,21
356.3,720,22
356.4,720,22
356.5,720,24
356.6,720,24
356.7,3360,24
356.8,3360,24
356.9,3360,26
357,3360,26
357.1,3360,28
357.2,3360,29
357.3,3360,29
357.4,3360,30
357.5,3360,30
357.6,3600,30
357.7,3600,32
357.8,3600,32
357.9,3600,32
358,3600,31
358.1,3600,31
358.2,3600,31
358.3,3600,31
358.4,3600,31
358.5,3600,31
358.6,3600,31
358.7,360,30
358.8,360,30
358.9,360,31
359,360,31
359.1,360,31
359.2,360,31
359.3,360,31
359.4,360,31
359.5,360,31
359.6,240,31
359.7,240,31
359.8,240,31
359.9,240,31
360,240,31
360.1,240,31
360.2,240,31
360.3,240,31
360.4,240,31
360.5,240,31
360.6,0,31
360.7,0,31
360.8,0,31
360.9,0,31
361,0,31
361.1,0,31
361.2,0,30
361.3,0,30
361.4,0,30
361.5,0,30
361.6,0,30
361.7,0,30
361.8,0,30
361.9,0,30
362,0,30
362.1,0,30
362.2,0,30
362.3,0,30
362.4,0,30
362.5,0,30
362.6,0,30
362.7,0,30
362.8,0,30
362.9,0,30
363,0,30
363.1,0,30
363.2,0,30
363.3,0,30
363.4,0,30
363.5,0,14
363.6,0,14
363.7,0,29
363.8,0,29
363.9,0,29
364,0,29
364.1,0,29
364.2,0,29
364.3,0,29
364.4,0,29
364.5,0,29
364.6,0,29
364.7,0,29
364.8,0,29
364.9,0,29
365,0,29
365.1,0,14
365.2,0,14
365.3,0,29
365.4,0,29
365.5,0,29
365.6,0,29
365.7,0,29
365.8,0,29
365.9,0,14
366,0,14
366.1,0,14
366.2,0,29
366.3,0,29
366.4,0,29
366.5,0,28
366.6,0,28
366.7,0,28
366.8,0,28
366.9,0,28
367,0,28
367.1,0,28
367.2,0,28
367.3,0,28
367.4,0,13
367.5,0,13
367.6,0,13
367.7,0,13
367.8,0,13
367.9,0,13
368,0,13
368.1,0,28
368.2,0,28
368.3,0,28
368.4,0,28
368.5,0,28
368.6,0,28
368.7,0,28
368.8,0,28
368.9,0,28
369,0,28
369.1,0,28
369.2,0,28
369.3,0,28
369.4,0,28
369.5,0,27
369.6,0,27
369.7,0,26
369.8,0,26
369.9,0,26
370,0,27
370.1,0,27
370.2,0,27
370.3,0,27
370.4,0,26
370.5,0,26
370.6,0,26
370.7,0,27
370.8,0,27
370.9,0,27
371,0,27
371.1,0,27
371.2,0,27
371.3,0,27
371.4,0,27
371.5,0,27
371.6,0,26
371.7,0,26
371.8,0,26
371.9,0,27
372,0,26
372.1,0,26
372.2,0,26
372.3,0,26
372.4,0,26
372.5,0,26
372.6,0,26
372.7,0,26
372.8,0,26
372.9,0,26
373,0,26
373.1,0,26
373.2,0,26
373.3,0,26
373.4,0,26
373.5,0,26
373.6,0,26
373.7,0,26
373.8,0,26
373.9,0,26
374,0,26
374.1,0,26
374.2,0,26
374.3,0,26
374.4,0,26
374.5,0,26
374.6,0,25
374.7,0,26
374.8,0,26
374.9,0,26
375,0,26
375.1,0,26
375.2,0,26
375.3,0,26
375.4,0,25
375.5,0,25
375.6,0,25
375.7,0,25
375.8,0,25
375.9,0,25
376,0,25
376.1,0,25
376.2,0,25
376.3,0,25
376.4,0,25
376.5,0,25
376.6,0,25
376.7,0,25
376.8,0,25
376.9,0,25
377,0,25
377.1,0,25
377.2,0,25
377.3,0,25
377.4,0,25
377.5,0,25
377.6,0,25
377.7,0,25
377.8,0,25
377.9,0,25
378,0,25
378.1,0,25
378.2,0,25
378.3,0,25
378.4,0,25
378.5,0,25
378.6,0,25
378.7,0,24
378.8,0,24
378.9,0,24
379,0,24
379.1,0,24
379.2,0,24
379.3,0,24
379.4,0,24
379.5,0,24
379.6,0,24
379.7,0,24
379.8,0,24
379.9,0,24
380,0,24
380.1,0,24
380.2,0,24
380.3,0,24
380.4,0,24
380.5,0,24
380.6,0,24
380.7,0,24
380.8,0,24
380.9,0,24
381,0,24
381.1,0,24
381.2,0,24
381.3,0,24
381.4,0,24
381.5,0,24
381.6,0,24
381.7,0,24
381.8,0,24
381.9,0,24
382,0,24
382.1,0,24
382.2,0,23
382.3,0,23
382.4,0,23
382.5,0,23
382.6,0,23
382.7,0,23
382.8,0,23
382.9,0,23
383,0,23
383.1,0,23
383.2,0,23
383.3,0,23
383.4,0,23
383.5,0,23
383.6,0,23
383.7,0,23
383.8,0,23
383.9,0,23
384,0,23
384.1,0,23
384.2,0,23
384.3,0,23
384.4,0,23
384.5,0,23
384.6,0,23
384.7,0,23
384.8,0,23
384.9,0,23
385,0,23
385.1,0,23
385.2,0,23
385.3,0,23
385.4,0,23
385.5,0,23
385.6,0,23
385.7,0,23
385.8,0,22
385.9,0,22
386,0,22
386.1,0,22
386.2,0,22
386.3,0,22
386.4,0,22
386.5,0,22
386.6,0,22
386.7,0,22
386.8,0,22
386.9,0,22
387,0,22
387.1,0,22
387.2,0,21
387.3,0,21
387.4,0,21
387.5,0,22
387.6,0,22
387.7,0,22
387.8,0,22
387.9,0,22
388,0,22
388.1,0,22
388.2,0,22
388.3,0,22
388.4,0,22
388.5,0,22
388.6,0,22
388.7,0,22
388.8,0,22
388.9,0,22
389,0,22
389.1,0,22
389.2,0,22
389.3,0,22
389.4,0,22
389.5,0,22
389.6,0,22
389.7,0,22
389.8,0,22
389.9,0,22
390,0,22
390.1,0,21
390.2,0,21
390.3,0,21
390.4,0,21
390.5,0,21
390.6,0,21
390.7,0,21
390.8,0,21
390.9,0,21
391,0,21
391.1,0,21
391.2,0,21
391.3,0,21
391.4,0,21
391.5,0,21
391.6,0,21
391.7,0,21
391.8,0,21
391.9,0,21
392,0,10
392.1,0,10
392.2,0,21
392.3,0,21
392.4,0,21
392.5,0,21
392.6,0,21
392.7,0,21
392.8,0,21
392.9,0,21
393,0,21
393.1,0,21
393.2,0,21
393.3,0,21
393.4,0,21
393.5,0,19
393.6,0,19
393.7,0,19
393.8,0,19
393.9,0,21
394,0,20
394.1,0,20
394.2,0,20
394.3,0,20
394.4,0,20
394.5,0,20
394.6,0,20
394.7,0,20
394.8,0,20
394.9,0,20
395,0,20
395.1,0,20
395.2,0,20
395.3,0,20
395.4,0,10
395.5,0,10
395.6,0,10
395.7,0,20
395.8,0,20
395.9,0,20
396,0,20
396.1,0,20
396.2,0,20
396.3,0,20
396.4,0,20
396.5,0,20
396.6,0,20
396.7,0,20
396.8,0,20
396.9,0,20
397,0,20
397.1,0,20
397.2,0,20
397.3,0,20
397.4,0,20
397.5,0,19
397.6,0,19
397.7,0,19
397.8,0,19
397.9,0,19
398,0,19
398.1,0,19
398.2,0,19
398.3,0,19
398.4,0,19
398.5,0,19
398.6,0,19
398.7,0,19
398.8,0,19
398.9,0,19
399,0,19
399.1,0,19
399.2,0,19
399.3,0,19
399.4,0,19
399.5,0,19
399.6,0,19
399.7,0,19
399.8,0,19
399.9,0,19
400,0,19
400.1,0,19
400.2,0,19
400.3,0,19
400.4,0,19
400.5,0,19
400.6,0,19
400.7,0,19
400.8,0,19
400.9,0,19
401,0,19
401.1,0,19
401.2,0,19
401.3,0,19
401.4,0,19
401.5,0,19
401.6,0,19
401.7,0,19
401.8,0,19
401.9,0,19
402,0,18
402.1,0,18
402.2,0,18
402.3,0,18
402.4,0,18
402.5,0,18
402.6,0,18
402.7,0,18
402.8,0,18
402.9,0,18
403,0,18
403.1,0,18
403.2,0,18
403.3,0,18
403.4,0,18
403.5,0,18
403.6,0,18
403.7,0,18
403.8,0,18
403.9,0,18
404,0,18
404.1,0,18
404.2,0,18
404.3,0,18
404.4,0,18
404.5,0,18
404.6,0,18
404.7,0,18
404.8,0,9
404.9,0,9
405,0,9
405.1,0,18
405.2,0,18
405.3,0,18
405.4,0,18
405.5,0,18
405.6,0,18
405.7,0,18
405.8,0,18
405.9,0,18
406,0,18
406.1,0,18
406.2,0,18
406.3,0,18
406.4,0,18
406.5,0,18
406.6,0,18
406.7,0,18
406.8,0,18
406.9,0,18
407,0,18
407.1,0,18
407.2,0,18
407.3,0,17
407.4,0,17
407.5,0,18
407.6,0,18
407.7,0,18
407.8,0,18
407.9,0,18
408,0,18
408.1,0,18
408.2,0,18
408.3,0,17
408.4,0,17
408.5,0,17
408.6,0,17
408.7,0,17
408.8,0,17
408.9,0,17
409,0,17
409.1,0,17
409.2,0,17
409.3,0,17
409.4,0,17
409.5,0,17
409.6,0,17
409.7,0,17
409.8,0,17
409.9,0,17
410,0,17
410.1,0,17
410.2,0,17
410.3,0,17
410.4,0,17
410.5,0,17
410.6,0,17
410.7,0,17
410.8,0,17
410.9,0,17
411,0,17
411.1,0,17
411.2,0,17
411.3,0,17
411.4,0,17
411.5,0,17
411.6,0,17
411.7,0,17
411.8,0,17
411.9,0,17
412,0,17
412.1,0,17
412.2,0,17
412.3,0,17
412.4,0,17
412.5,0,17
412.6,0,17
412.7,0,17
412.8,0,17
412.9,0,17
413,0,17
413.1,0,17
413.2,0,17
413.3,0,17
413.4,0,17
413.5,0,17
413.6,0,17
413.7,0,17
413.8,0,17
413.9,0,16
414,0,16
414.1,0,16
414.2,0,16
414.3,0,16
414.4,0,16
414.5,0,16
414.6,0,16
414.7,0,16
414.8,0,16
414.9,0,16
415,0,16
415.1,0,16
415.2,0,16
415.3,0,16
415.4,0,16
415.5,0,16
415.6,0,16
415.7,0,16
415.8,0,16
415.9,0,16
416,0,16
416.1,0,16
416.2,0,16
416.3,0,16
416.4,0,16
416.5,0,16
416.6,0,16
416.7,0,16
416.8,0,16
416.9,0,16
417,0,16
417.1,0,16
417.2,0,16
417.3,0,16
417.4,0,16
417.5,0,16
417.6,0,16
417.7,0,16
417.8,0,16
417.9,0,15
418,0,15
418.1,0,15
418.2,0,15
418.3,0,15
418.4,0,15
418.5,0,15
418.6,0,15
418.7,0,15
418.8,0,15
418.9,0,15
419,0,15
419.1,0,15
419.2,0,15
419.3,0,15
419.4,0,15
419.5,0,15
419.6,0,15
419.7,0,15
419.8,0,15
419.9,0,16
420,0,16
420.1,0,16
420.2,0,16
420.3,0,16
420.4,0,16
420.5,0,16
420.6,0,16
420.7,0,16
420.8,0,16
420.9,0,16
421,0,16
421.1,0,16
421.2,0,16
421.3,0,16
421.4,0,16
421.5,0,16
421.6,0,16
421.7,0,16
421.8,0,16
421.9,0,15
422,0,15
422.1,0,15
422.2,0,15
422.3,0,15
422.4,0,15
422.5,0,15
422.6,0,15
422.7,0,15
422.8,0,15
422.9,0,15
423,0,15
423.1,0,15
423.2,0,15
423.3,0,15
423.4,0,15
423.5,0,15
423.6,0,15
423.7,0,15
423.8,0,15
423.9,0,15
424,0,15
424.1,0,15
424.2,0,15
424.3,0,15
424.4,0,15
424.5,0,15
424.6,0,15
424.7,0,15
424.8,0,15
424.9,0,15
425,0,15
425.1,0,15
425.2,0,15
425.3,0,15
425.4,0,15
425.5,0,15
425.6,0,15
425.7,0,15
425.8,0,15
425.9,0,15
426,0,15
426.1,120,15
426.2,120,15
426.3,120,15
426.4,120,15
426.5,120,15
426.6,120,15
426.7,120,15
426.8,120,15
426.9,120,15
427,120,14
427.1,1920,14
427.2,1920,14
427.3,1920,14
427.4,1920,16
427.5,1920,16
427.6,1920,16
427.7,1920,18
427.8,1920,18
427.9,1920,18
428,1920,18
428.1,3360,21
428.2,3360,21
428.3,3360,23
428.4,3360,23
428.5,3360,23
428.6,3360,23
428.7,3360,25
428.8,3360,25
428.9,3360,25
429,3360,25
429.1,4080,25
429.2,4080,25
429.3,4080,9
429.4,4080,9
429.5,4080,32
429.6,4080,32
429.7,4080,32
429.8,4080,33
429.9,4080,33
430,4080,33
430.1,2040,33
430.2,2040,33
430.3,2040,33
430.4,2040,33
430.5,2040,33
430.6,2040,33
430.7,2040,33
430.8,2040,33
430.9,2040,33
431,2040,32
431.1,480,32
431.2,480,32
431.3,480,32
431.4,480,32
431.5,480,32
431.6,480,32
431.7,480,32
431.8,480,32
431.9,480,32
432,480,32
432.1,0,32
432.2,0,32
432.3,0,32
432.4,0,32
432.5,0,32
432.6,0,32
432.7,0,32
432.8,0,32
432.9,0,32
433,0,32
433.1,0,32
433.2,0,32
433.3,0,32
433.4,0,32
433.5,0,32
433.6,0,32
433.7,0,32
433.8,0,32
433.9,0,32
434,0,31
434.1,0,31
434.2,0,31
434.3,0,31
434.4,0,31
434.5,0,31
434.6,0,31
434.7,0,31
434.8,0,31
434.9,0,31
435,0,31
435.1,0,31
435.2,0,31
435.3,0,31
435.4,0,31
435.5,0,31
435.6,0,31
435.7,0,31
435.8,0,31
435.9,0,31
436,0,31
436.1,0,31
436.2,0,31
436.3,0,31
436.4,0,30
436.5,0,31
436.6,0,31
436.7,0,31
436.8,0,31
436.9,0,31
437,0,31
437.1,0,31
437.2,0,31
437.3,0,31
437.4,0,30
437.5,0,30
437.6,0,30
437.7,0,30
437.8,0,30
437.9,0,30
438,0,30
438.1,0,30
438.2,0,30
438.3,0,30
438.4,0,30
438.5,0,30
438.6,0,30
438.7,0,30
438.8,0,14
438.9,0,14
439,0,30
439.1,0,30
439.2,0,30
439.3,0,29
439.4,0,29
439.5,0,30
439.6,0,30
439.7,0,30
439.8,0,30
439.9,0,30
440,0,29
440.1,0,29
440.2,0,29
440.3,0,29
440.4,0,30
440.5,0,30
440.6,0,30
440.7,0,30
440.8,0,29
440.9,0,29
441,0,29
441.1,0,29
441.2,0,29
441.3,0,29
441.4,0,29
441.5,0,29
441.6,0,29
441.7,0,29
441.8,0,29
441.9,0,28
442,0,28
442.1,0,29
442.2,0,29
442.3,0,29
442.4,0,29
442.5,0,29
442.6,0,29
442.7,0,29
442.8,0,29
442.9,0,29
443,0,29
443.1,0,29
443.2,0,29
443.3,0,14
443.4,0,14
443.5,0,29
443.6,0,29
443.7,0,29
443.8,0,29
443.9,0,29
444,0,29
444.1,0,29
444.2,0,29
444.3,0,28
444.4,0,28
444.5,0,28
444.6,0,28
444.7,0,28
444.8,0,28
444.9,0,28
445,0,28
445.1,0,28
445.2,0,28
445.3,0,28
445.4,0,28
445.5,0,27
445.6,0,27
445.7,0,28
445.8,0,28
445.9,0,28
446,0,28
446.1,0,28
446.2,0,28
446.3,0,28
446.4,0,28
446.5,0,28
446.6,0,28
446.7,0,28
446.8,0,28
446.9,0,28
447,0,28
447.1,0,28
447.2,0,28
447.3,0,28
447.4,0,28
447.5,0,28
447.6,0,28
447.7,0,28
447.8,0,28
447.9,0,28
448,0,28
448.1,0,27
448.2,0,27
448.3,0,27
448.4,0,27
448.5,0,28
448.6,0,28
448.7,0,28
448.8,0,27
448.9,0,27
449,0,27
449.1,0,27
449.2,0,27
449.3,0,27
449.4,0,27
449.5,0,27
449.6,0,27
449.7,0,27
449.8,0,27
449.9,0,27
450,0,27
450.1,0,27
450.2,0,27
450.3,0,27
450.4,0,27
450.5,0,27
450.6,0,27
450.7,0,27
450.8,0,27
450.9,0,27
451,0,27
451.1,0,27
451.2,0,27
451.3,0,27
451.4,0,27
451.5,0,27
451.6,0,27
451.7,0,27
451.8,0,27
451.9,0,27
452,0,27
452.1,0,27
452.2,0,27
452.3,0,27
452.4,0,27
452.5,0,27
452.6,0,27
452.7,0,27
452.8,0,27
452.9,0,27
453,0,27
453.1,0,26
453.2,0,26
453.3,0,26
453.4,0,26
453.5,0,26
453.6,0,26
453.7,0,26
453.8,0,26
453.9,0,26
454,0,26
454.1,0,26
454.2,0,26
454.3,0,26
454.4,0,26
454.5,0,26
454.6,0,26
454.7,0,26
454.8,0,26
454.9,0,26
455,0,26
455.1,0,26
455.2,0,26
455.3,0,26
455.4,0,26
455.5,0,26
455.6,0,26
455.7,0,26
455.8,0,26
455.9,0,26
456,0,26
456.1,0,26
456.2,0,12
456.3,0,12
456.4,0,25
456.5,0,25
456.6,0,25
456.7,0,25
456.8,0,25
456.9,0,25
457,0,25
457.1,0,25
457.2,0,25
457.3,0,25
457.4,0,25
457.5,0,25
457.6,0,25
457.7,0,25
457.8,0,25
457.9,0,25
458,0,25
458.1,0,25
458.2,0,25
458.3,0,25
458.4,0,12
458.5,0,12
458.6,0,12
458.7,0,25
458.8,0,25
458.9,0,25
459,0,25
459.1,0,25
459.2,0,25
459.3,0,25
459.4,0,25
459.5,0,25
459.6,0,25
459.7,0,25
459.8,0,25
459.9,0,25
460,0,25
460.1,0,25
460.2,0,25
460.3,0,24
460.4,0,24
460.5,0,25
460.6,0,25
460.7,0,24
460.8,0,24
460.9,1320,24
461,1320,24
461.1,1320,24
461.2,1320,24
461.3,1320,24
461.4,1320,25
461.5,1320,25
461.6,1320,27
461.7,1320,27
461.8,4680,28
461.9,4680,28
462,4680,30
462.1,4680,30
462.2,4680,32
462.3,4680,32
462.4,4680,33
462.5,4680,33
462.6,4680,34
462.7,4680,35
462.8,4080,35
462.9,4080,35
463,4080,35
463.1,4080,35
463.2,4080,35
463.3,4080,35
463.4,4080,35
463.5,4080,35
463.6,4080,35
463.7,4080,35
463.8,4080,35
463.9,1200,35
464,1200,35
464.1,1200,35
464.2,1200,35
464.3,1200,35
464.4,1200,35
464.5,1200,35
464.6,1200,35
464.7,1200,35
464.8,360,35
464.9,360,35
465,360,35
465.1,360,35
465.2,360,34
465.3,360,34
465.4,360,34
465.5,360,34
465.6,360,34
465.7,360,34
465.8,0,34
465.9,0,34
466,0,34
466.1,0,34
466.2,0,34
466.3,0,34
466.4,0,34
466.5,0,34
466.6,0,34
466.7,0,34
466.8,0,34
466.9,0,34
467,0,34
467.1,0,34
467.2,0,34
467.3,0,33
467.4,0,33
467.5,0,33
467.6,0,33
467.7,0,33
467.8,0,33
467.9,0,33
468,0,33
468.1,0,33
468.2,0,33
468.3,0,33
468.4,0,33
468.5,0,33
468.6,0,33
468.7,0,33
468.8,0,33
468.9,0,33
469,0,33
469.1,0,33
469.2,0,33
469.3,0,33
469.4,0,33
469.5,0,33
469.6,0,33
469.7,0,33
469.8,0,32
469.9,0,32
470,0,32
470.1,0,32
470.2,0,32
470.3,0,32
470.4,0,32
470.5,0,32
470.6,0,32
470.7,0,32
470.8,0,32
470.9,0,32
471,0,32
471.1,0,32
471.2,0,32
471.3,0,32
471.4,0,32
471.5,0,32
471.6,0,32
471.7,0,32
471.8,0,32
471.9,0,32
472,0,32
472.1,0,32
472.2,0,32
472.3,0,32
472.4,0,32
472.5,0,32
472.6,0,32
472.7,0,32
472.8,0,15
472.9,0,15
473,0,31
473.1,0,31
473.2,0,31
473.3,0,31
473.4,0,31
473.5,0,31
473.6,0,31
473.7,0,31
473.8,0,31
473.9,0,31
474,0,31
474.1,0,31
474.2,0,31
474.3,0,31
474.4,0,31
474.5,0,30
474.6,0,30
474.7,0,31
474.8,0,31
474.9,0,30
475,0,30
475.1,0,30
475.2,0,30
475.3,0,30
475.4,0,30
475.5,0,30
475.6,0,30
475.7,0,30
475.8,0,30
475.9,0,30
476,0,30
476.1,0,30
476.2,0,30
476.3,0,30
476.4,0,30
476.5,0,30
476.6,0,30
476.7,0,30
476.8,0,30
476.9,0,30
477,0,30
477.1,0,30
477.2,0,29
477.3,0,29
477.4,0,29
477.5,0,30
477.6,0,30
477.7,0,30
477.8,0,30
477.9,0,30
478,0,14
478.1,0,14
478.2,0,28
478.3,0,28
478.4,0,29
478.5,0,29
478.6,0,29
478.7,0,29
478.8,0,29
478.9,0,29
479,0,28
479.1,0,28
479.2,0,28
479.3,0,29
479.4,0,29
479.5,0,29
479.6,0,29
479.7,0,29
479.8,0,29
479.9,0,29
480,0,29
480.1,0,29
480.2,0,29
480.3,0,29
480.4,0,29
480.5,0,29
480.6,0,29
480.7,0,29
480.8,0,29
480.9,0,29
481,0,29
481.1,0,29
481.2,0,29
481.3,0,29
481.4,0,29
481.5,0,29
481.6,0,29
481.7,0,29
481.8,0,29
481.9,0,29
482,0,28
482.1,0,28
482.2,0,28
482.3,0,28
482.4,0,28
482.5,0,28
482.6,0,14
482.7,0,14
482.8,0,14
482.9,0,28
483,0,28
483.1,0,28
483.2,0,28
483.3,0,28
483.4,0,28
483.5,0,28
483.6,0,28
483.7,0,28
483.8,0,28
483.9,0,28
484,0,28
484.1,0,13
484.2,0,13
484.3,0,28
484.4,0,28
484.5,0,27
484.6,0,27
484.7,0,27
484.8,0,28
484.9,0,28
485,0,27
485.1,0,27
485.2,0,28
485.3,0,28
485.4,0,27
485.5,0,27
485.6,0,27
485.7,0,27
485.8,0,27
485.9,0,27
486,0,27
486.1,0,27
486.2,0,27
486.3,0,27
486.4,0,27
486.5,0,27
486.6,0,27
486.7,0,13
486.8,0,13
486.9,0,27
487,0,27
487.1,0,27
487.2,0,27
487.3,0,27
487.4,0,27
487.5,0,27
487.6,0,27
487.7,0,27
487.8,0,27
487.9,0,27
488,0,13
488.1,0,13
488.2,0,13
488.3,0,27
488.4,0,27
488.5,0,27
488.6,0,27
488.7,0,27
488.8,0,27
488.9,0,27
489,0,27
489.1,0,27
489.2,0,27
489.3,0,27
489.4,0,13
489.5,0,13
489.6,0,13
489.7,0,27
489.8,0,27
489.9,0,26
490,0,26
490.1,0,26
490.2,0,26
490.3,0,26
490.4,0,26
490.5,0,26
490.6,0,26
490.7,0,26
490.8,0,26
490.9,0,26
491,0,26
491.1,0,26
491.2,0,26
491.3,0,26
491.4,0,26
491.5,0,26
491.6,0,26
491.7,0,26
491.8,0,26
491.9,0,13
492,0,13
492.1,0,26
492.2,0,26
492.3,0,26
492.4,0,26
492.5,0,26
492.6,0,26
492.7,0,26
492.8,0,26
492.9,0,26
493,0,26
493.1,0,25
493.2,0,25
493.3,0,25
493.4,0,25
493.5,0,25
493.6,0,26
493.7,0,26
493.8,0,26
493.9,0,26
494,0,26
494.1,0,26
494.2,0,26
494.3,0,26
494.4,0,26
494.5,0,26
494.6,0,25
494.7,0,25
494.8,0,25
494.9,0,25
495,0,25
495.1,0,25
495.2,0,25
495.3,0,25
495.4,0,25
495.5,0,25
495.6,0,25
495.7,0,25
495.8,0,25
495.9,0,25
496,0,25
496.1,0,25
496.2,0,25
496.3,0,25
496.4,0,25
496.5,0,25
496.6,0,25
496.7,0,25
496.8,0,25
496.9,0,25
497,0,25
497.1,0,25
497.2,0,25
497.3,0,25
497.4,0,25
497.5,0,25
497.6,0,25
497.7,0,25
497.8,0,25
497.9,0,25
498,0,25
498.1,0,25
498.2,0,25
498.3,0,25
498.4,0,25
498.5,0,25
498.6,0,25
498.7,0,25
498.8,0,25
498.9,0,25
499,0,24
499.1,0,24
499.2,0,24
499.3,0,24
499.4,0,24
499.5,0,24
499.6,0,24
499.7,0,24
499.8,0,24
499.9,0,24
500,0,24
500.1,0,24
500.2,0,24
500.3,0,24
500.4,0,24
500.5,0,24
500.6,0,24
500.7,0,24
500.8,0,24
500.9,0,24
501,0,24
501.1,0,24
501.2,0,24
501.3,0,24
501.4,0,24
501.5,0,24
501.6,0,11
501.7,0,11
501.8,0,11
501.9,0,23
502,0,23
502.1,0,23
502.2,0,24
502.3,0,24
502.4,0,23
502.5,0,23
502.6,0,23
502.7,0,24
502.8,0,24
502.9,0,24
503,0,23
503.1,0,23
503.2,0,23
503.3,0,23
503.4,0,23
503.5,0,23
503.6,0,23
503.7,0,23
503.8,0,23
503.9,0,23
504,0,23
504.1,0,23
504.2,0,23
504.3,0,23
504.4,0,23
504.5,0,23
504.6,0,23
504.7,0,23
504.8,0,23
504.9,0,23
505,0,23
505.1,0,23
505.2,0,22
505.3,0,22
505.4,0,22
505.5,0,22
505.6,0,22
505.7,0,22
505.8,0,11
505.9,0,11
506,0,23
506.1,0,23
506.2,0,23
506.3,0,23
506.4,0,23
506.5,0,23
506.6,0,22
506.7,0,22
506.8,0,22
506.9,0,22
507,0,22
507.1,0,22
507.2,0,22
507.3,0,22
507.4,0,22
507.5,0,22
507.6,0,22
507.7,0,22
507.8,0,22
507.9,0,22
508,0,0
508.1,0,0
508.2,0,0
508.3,0,0
508.4,0,22
508.5,0,22
508.6,0,21
508.7,0,21
508.8,0,21
508.9,0,22
509,0,22
509.1,0,22
509.2,0,22
509.3,0,22
509.4,0,22
509.5,0,22
509.6,0,22
509.7,0,22
509.8,0,22
509.9,0,22
510,0,22
510.1,0,22
510.2,0,22
510.3,0,22
510.4,0,22
510.5,0,22
510.6,0,22
510.7,0,22
510.8,0,22
510.9,0,22
511,0,22
511.1,0,22
511.2,0,22
511.3,0,21
511.4,0,21
511.5,0,22
511.6,0,22
511.7,0,22
511.8,0,21
511.9,0,21
512,0,21
512.1,0,21
512.2,0,21
512.3,0,21
512.4,0,21
512.5,0,21
512.6,0,21
512.7,0,10
512.8,0,10
512.9,0,10
513,0,21
513.1,0,21
513.2,0,21
513.3,0,21
513.4,0,21
513.5,0,21
513.6,0,21
513.7,0,21
513.8,0,21
513.9,0,21
514,0,21
514.1,0,21
514.2,0,21
514.3,0,21
514.4,0,21
514.5,0,21
514.6,0,21
514.7,0,21
514.8,0,21
514.9,0,21
515,0,21
515.1,0,21
515.2,0,21
515.3,0,21
515.4,0,21
515.5,0,21
515.6,0,21
515.7,0,21
515.8,0,21
515.9,0,21
516,0,21
516.1,0,21
516.2,0,21
516.3,0,10
516.4,0,10
516.5,0,10
516.6,0,10
516.7,0,10
516.8,0,10
516.9,0,10
517,0,10
517.1,0,10
517.2,0,21
517.3,0,21
517.4,0,21
517.5,0,21
517.6,0,21
517.7,0,21
517.8,0,21
517.9,0,21
518,0,21
518.1,0,21
518.2,0,21
518.3,0,21
518.4,0,21
518.5,0,21
518.6,0,21
518.7,0,21
518.8,0,21
518.9,0,21
519,0,22
519.1,0,22
519.2,0,22
519.3,0,22
519.4,0,21
519.5,0,21
519.6,0,21
519.7,0,21
519.8,0,21
519.9,0,21
520,0,21
520.1,0,21
520.2,0,21
520.3,0,21
520.4,0,21
520.5,0,20
520.6,0,20
520.7,0,20
520.8,0,20
520.9,0,20
521,0,20
521.1,0,20
521.2,0,20
521.3,0,20
521.4,0,20
521.5,0,20
521.6,0,20
521.7,0,20
521.8,0,20
521.9,0,20
522,0,20
522.1,0,20
522.2,0,20
522.3,0,20
522.4,0,20
522.5,0,19
522.6,0,19
522.7,0,19
522.8,0,19
522.9,0,19
523,0,19
523.1,0,19
523.2,0,19
523.3,0,19
523.4,0,19
523.5,0,19
523.6,0,19
523.7,0,19
523.8,0,19
523.9,0,19
524,0,19
524.1,0,19
524.2,0,19
524.3,0,18
524.4,0,18
524.5,0,18
524.6,0,18
524.7,0,18
524.8,0,18
524.9,0,18
525,0,18
525.1,0,18
525.2,0,18
525.3,0,17
525.4,0,17
525.5,0,17
525.6,0,17
525.7,0,17
525.8,0,17
525.9,0,17
526,0,17
526.1,0,17
526.2,0,17
526.3,0,17
526.4,0,17
526.5,0,17
526.6,0,17
526.7,0,17
526.8,0,17
526.9,0,17
527,0,17
527.1,0,17
527.2,0,17
527.3,0,17
527.4,0,17
527.5,0,17
527.6,0,17
527.7,0,17
527.8,0,17
527.9,0,17
528,0,17
528.1,0,17
528.2,0,17
528.3,0,17
528.4,0,17
528.5,0,17
528.6,0,17
528.7,0,17
528.8,0,17
528.9,0,17
529,0,17
529.1,0,17
529.2,0,17
529.3,0,17
529.4,0,16
529.5,0,16
529.6,0,16
529.7,0,16
529.8,0,16
529.9,0,16
530,0,16
530.1,0,16
530.2,0,16
530.3,0,16
530.4,0,16
530.5,0,16
530.6,0,16
530.7,0,16
530.8,0,16
530.9,0,16
531,0,16
531.1,0,16
531.2,0,16
531.3,0,16
531.4,0,16
531.5,0,16
531.6,0,16
531.7,0,16
531.8,0,16
531.9,0,16
532,0,16
532.1,0,16
532.2,0,16
532.3,0,16
532.4,0,16
532.5,0,16
532.6,0,16
532.7,0,16
532.8,0,16
532.9,0,16
533,0,16
533.1,0,16
533.2,0,16
533.3,0,16
533.4,0,16
533.5,0,16
533.6,0,16
533.7,0,16
533.8,0,16
533.9,0,16
534,0,16
534.1,0,16
534.2,0,15
534.3,0,15
534.4,0,15
534.5,0,15
534.6,0,15
534.7,0,15
534.8,0,15
534.9,0,15
535,0,15
535.1,0,15
535.2,0,15
535.3,0,15
535.4,0,16
535.5,0,16
535.6,0,16
535.7,0,16
535.8,0,15
535.9,0,15
536,0,15
536.1,0,15
536.2,0,15
536.3,0,15
536.4,0,15
536.5,0,15
536.6,0,15
536.7,0,15
536.8,0,15
536.9,0,15
537,0,15
537.1,0,15
537.2,0,15
537.3,0,15
537.4,120,15
537.5,120,15
537.6,120,15
537.7,120,15
537.8,120,15
537.9,120,15
538,120,15
538.1,120,15
538.2,120,15
538.3,2040,14
538.4,2040,14
538.5,2040,14
538.6,2040,14
538.7,2040,16
538.8,2040,16
538.9,2040,16
539,2040,19
539.1,2040,19
539.2,2040,19
539.3,2040,22
539.4,3360,22
539.5,3360,23
539.6,3360,23
539.7,3360,23
539.8,3360,26
539.9,3360,26
540,3360,28
540.1,3360,28
540.2,3360,28
540.3,4320,29
540.4,4320,29
540.5,4320,31
540.6,4320,31
540.7,4320,32
540.8,4320,32
540.9,4320,32
541,4320,31
541.1,4320,31
541.2,4320,31
541.3,1320,31
541.4,1320,31
541.5,1320,32
541.6,1320,32
541.7,1320,32
541.8,1320,32
541.9,1320,31
542,1320,31
542.1,1320,31
542.2,1320,31
542.3,1320,31
542.4,360,31
542.5,360,31
542.6,360,31
542.7,360,31
542.8,360,31
542.9,360,31
543,360,31
543.1,360,31
543.2,360,31
543.3,0,31
543.4,0,31
543.5,0,31
543.6,0,31
543.7,0,31
543.8,0,31
543.9,0,31
544,0,31
544.1,0,31
544.2,0,31
544.3,0,31
544.4,0,31
544.5,0,31
544.6,0,30
544.7,0,30
544.8,0,30
544.9,0,30
545,0,30
545.1,0,30
545.2,0,30
545.3,0,30
545.4,0,30
545.5,0,30
545.6,0,30
545.7,0,30
545.8,0,30
545.9,0,30
546,0,30
546.1,0,30
546.2,0,30
546.3,0,30
546.4,0,30
546.5,0,30
546.6,0,29
546.7,0,29
546.8,0,29
546.9,0,29
547,0,29
547.1,0,29
547.2,0,29
547.3,0,29
547.4,0,29
547.5,0,29
547.6,0,29
547.7,0,29
547.8,0,29
547.9,0,29
548,0,29
548.1,0,29
548.2,0,29
548.3,0,29
548.4,0,29
548.5,0,29
548.6,0,29
548.7,0,29
548.8,0,29
548.9,0,29
549,0,29
549.1,0,29
549.2,0,29
549.3,0,28
549.4,0,28
549.5,0,28
549.6,0,28
549.7,0,28
549.8,0,28
549.9,0,28
550,0,28
550.1,0,28
550.2,0,28
550.3,0,28
550.4,0,28
550.5,0,28
550.6,0,28
550.7,0,28
550.8,0,28
550.9,0,28
551,0,28
551.1,0,28
551.2,0,28
551.3,0,28
551.4,0,28
551.5,0,28
551.6,0,28
551.7,0,28
551.8,0,28
551.9,0,28
552,0,28
552.1,0,27
552.2,0,27
552.3,0,27
552.4,0,27
552.5,0,27
552.6,0,27
552.7,0,27
552.8,0,27
552.9,0,27
553,0,27
553.1,0,27
553.2,0,27
553.3,0,27
553.4,0,27
553.5,0,27
553.6,0,27
553.7,0,26
553.8,0,26
553.9,0,26
554,0,26
554.1,0,26
554.2,0,26
554.3,0,26
554.4,0,26
554.5,0,26
554.6,0,26
554.7,0,26
554.8,0,26
554.9,0,26
555,0,26
555.1,0,26
555.2,0,26
555.3,0,26
555.4,0,26
555.5,0,26
555.6,0,26
555.7,0,26
555.8,0,26
555.9,0,26
556,0,26
556.1,0,26
556.2,0,26
556.3,0,26
556.4,0,26
556.5,0,26
556.6,0,26
556.7,0,26
556.8,0,25
556.9,0,25
557,0,25
557.1,0,25
557.2,0,25
557.3,0,25
557.4,0,25
557.5,0,25
557.6,0,25
557.7,0,25
557.8,0,25
557.9,0,25
558,0,25
558.1,0,25
558.2,0,25
558.3,0,25
558.4,0,25
558.5,0,25
558.6,0,25
558.7,0,24
558.8,0,24
558.9,0,25
559,0,25
559.1,0,25
559.2,0,25
559.3,0,25
559.4,0,24
559.5,0,24
559.6,0,24
559.7,0,24
559.8,0,24
559.9,0,24
560,0,24
560.1,0,24
560.2,0,24
560.3,0,24
560.4,0,24
560.5,0,24
560.6,0,24
560.7,0,24
560.8,0,24
560.9,0,24
561,0,24
561.1,0,24
561.2,0,24
561.3,0,24
561.4,0,24
561.5,0,24
561.6,0,24
561.7,0,24
561.8,0,24
561.9,0,24
562,0,24
562.1,0,23
562.2,0,23
562.3,0,23
562.4,0,23
562.5,0,23
562.6,0,23
562.7,0,11
562.8,0,11
562.9,0,23
563,0,23
563.1,0,23
563.2,0,23
563.3,0,23
563.4,0,23
563.5,0,23
563.6,0,23
563.7,0,23
563.8,0,23
563.9,0,23
564,0,23
564.1,0,23
564.2,0,23
564.3,0,23
564.4,0,23
564.5,0,23
564.6,0,23
564.7,0,23
564.8,0,23
564.9,0,22
565,0,22
565.1,0,23
565.2,0,23
565.3,0,23
565.4,0,23
565.5,0,22
565.6,0,22
565.7,0,22
565.8,0,22
565.9,0,22
566,0,22
566.1,0,22
566.2,0,22
566.3,0,22
566.4,0,22
566.5,0,22
566.6,0,22
566.7,0,22
566.8,0,22
566.9,0,22
567,0,22
567.1,0,22
567.2,0,22
567.3,0,22
567.4,0,21
567.5,0,21
567.6,0,21
567.7,0,22
567.8,0,22
567.9,0,22
568,0,22
568.1,0,22
568.2,0,22
568.3,0,21
568.4,0,21
568.5,0,21
568.6,0,21
568.7,0,21
568.8,0,21
568.9,0,21
569,1920,21
569.1,1920,21
569.2,1920,21
569.3,1920,21
569.4,1920,21
569.5,1920,23
569.6,1920,23
569.7,1920,25
569.8,1920,25
569.9,1920,25
570,4320,27
570.1,4320,27
570.2,4320,29
570.3,4320,29
570.4,4320,30
570.5,4320,30
570.6,4320,30
570.7,4320,31
570.8,4320,31
570.9,4320,31
571,2760,31
571.1,2760,31
571.2,2760,31
571.3,2760,31
571.4,2760,31
571.5,2760,31
571.6,2760,31
571.7,2760,31
571.8,2760,31
571.9,2760,31
572,2760,31
572.1,480,31
572.2,480,31
572.3,480,31
572.4,480,31
572.5,480,31
572.6,480,31
572.7,480,31
572.8,480,31
572.9,480,30
573,0,30
573.1,0,30
573.2,0,30
573.3,0,30
573.4,0,30
573.5,0,30
573.6,0,30
573.7,0,30
573.8,0,30
573.9,0,30
574,0,30
574.1,0,30
574.2,0,30
574.3,0,30
574.4,0,30
574.5,0,30
574.6,0,30
574.7,0,30
574.8,0,30
574.9,0,30
575,0,30
575.1,0,30
575.2,0,30
575.3,0,30
575.4,0,30
575.5,0,30
575.6,0,30
575.7,0,29
575.8,0,29
575.9,0,29
576,0,29
576.1,0,29
576.2,0,28
576.3,0,28
576.4,0,29
576.5,0,29
576.6,0,29
576.7,0,28
576.8,0,28
576.9,0,29
577,0,29
577.1,0,29
577.2,0,29
577.3,0,29
577.4,0,29
577.5,0,29
577.6,0,28
577.7,0,28
577.8,0,28
577.9,0,28
578,0,28
578.1,0,28
578.2,0,27
578.3,0,27
578.4,0,27
578.5,0,28
578.6,0,28
578.7,0,28
578.8,0,28
578.9,0,28
579,0,28
579.1,0,28
579.2,0,28
579.3,0,27
579.4,0,27
579.5,0,27
579.6,0,27
579.7,0,27
579.8,0,27
579.9,0,28
580,0,27
580.1,0,27
580.2,0,27
580.3,0,27
580.4,0,27
580.5,0,27
580.6,0,27
580.7,0,27
580.8,0,26
580.9,0,26
581,0,27
581.1,0,27
581.2,0,27
581.3,0,27
581.4,0,27
581.5,0,27
581.6,0,27
581.7,0,27
581.8,0,27
581.9,0,27
582,0,27
582.1,0,27
582.2,0,27
582.3,0,27
582.4,0,27
582.5,0,27
582.6,0,27
582.7,0,26
582.8,0,26
582.9,0,26
583,0,26
583.1,0,26
583.2,0,27
583.3,0,27
583.4,0,26
583.5,0,26
583.6,0,26
583.7,0,26
583.8,0,26
583.9,0,26
584,0,26
584.1,0,26
584.2,0,26
584.3,0,26
584.4,0,26
584.5,0,26
584.6,0,26
584.7,0,26
584.8,0,26
584.9,0,26
585,0,26
585.1,0,26
585.2,0,25
585.3,0,25
585.4,0,25
585.5,0,25
585.6,0,25
585.7,0,25
585.8,0,25
585.9,0,25
586,0,25
586.1,0,25
586.2,0,25
586.3,0,25
586.4,0,25
586.5,0,25
586.6,0,25
586.7,0,25
586.8,0,25
586.9,0,25
587,0,25
587.1,0,25
587.2,0,25
587.3,0,25
587.4,0,25
587.5,0,25
587.6,0,25
587.7,0,25
587.8,0,25
587.9,0,25
588,0,25
588.1,0,25
588.2,0,25
588.3,0,25
588.4,0,25
588.5,0,25
588.6,0,25
588.7,0,25
588.8,0,25
588.9,0,25
589,0,25
589.1,0,24
589.2,0,24
589.3,0,24
589.4,0,24
589.5,0,24
589.6,0,24
589.7,0,24
589.8,0,24
589.9,0,24
590,0,24
590.1,0,24
590.2,0,24
590.3,0,23
590.4,0,23
590.5,0,23
590.6,0,24
590.7,0,24
590.8,0,24
590.9,0,24
591,0,24
591.1,0,24
591.2,0,24
591.3,0,24
591.4,0,24
591.5,0,24
591.6,0,24
591.7,0,24
591.8,0,24
591.9,0,24
592,0,24
592.1,0,24
592.2,0,23
592.3,0,23
592.4,0,23
592.5,0,23
592.6,0,23
592.7,0,23
592.8,0,23
592.9,0,23
593,0,23
593.1,0,23
593.2,0,23
593.3,0,23
593.4,0,23
593.5,0,23
593.6,0,23
593.7,0,23
593.8,0,23
593.9,0,23
594,0,23
594.1,0,23
594.2,0,23
594.3,0,23
594.4,0,23
594.5,0,23
594.6,0,23
594.7,0,23
594.8,0,23
594.9,0,23
595,0,23
595.1,0,23
595.2,0,23
595.3,0,23
595.4,0,23
595.5,0,23
595.6,0,22
595.7,0,22
595.8,0,22
595.9,0,22
596,0,22
596.1,0,22
596.2,0,22
596.3,0,22
596.4,0,22
596.5,0,22
596.6,0,22
596.7,0,22
596.8,0,22
596.9,0,22
597,0,22
597.1,0,22
597.2,0,22
597.3,0,22
597.4,0,22
597.5,0,22
597.6,0,22
597.7,0,22
597.8,0,22
597.9,0,18
598,0,18
598.1,0,18
598.2,0,18
598.3,0,18
598.4,0,18
598.5,0,18
598.6,0,18
598.7,0,18
598.8,0,18
598.9,0,18
599,0,18
599.1,0,18
599.2,0,18
599.3,0,18
599.4,0,18
599.5,0,18
599.6,0,18
599.7,0,18
599.8,0,18
599.9,0,18
600,0,18
600.1,0,18
600.2,0,18
600.3,0,18
600.4,0,18
600.5,0,18
600.6,0,18
600.7,0,18
600.8,0,18
600.9,0,18
601,0,18
601.1,0,18
601.2,0,18
601.3,0,18
601.4,0,18
601.5,0,18
601.6,0,18
601.7,0,18
601.8,0,17
601.9,0,17
602,0,17
602.1,0,17
602.2,0,17
602.3,0,17
602.4,0,17
602.5,0,17
602.6,0,17
602.7,0,17
602.8,0,17
602.9,0,17
603,0,17
603.1,0,17
603.2,0,17
603.3,0,17
603.4,0,17
603.5,0,17
603.6,0,17
603.7,0,17
603.8,0,17
603.9,0,17
604,0,17
604.1,0,17
604.2,0,17
604.3,0,17
604.4,0,17
604.5,0,17
604.6,0,17
604.7,0,17
604.8,0,17
604.9,0,17
605,0,17
605.1,0,17
605.2,0,17
605.3,0,17
605.4,0,17
605.5,0,17
605.6,0,17
605.7,0,17
605.8,0,17
605.9,0,17
606,0,17
606.1,0,17
606.2,0,17
606.3,0,17
606.4,0,17
606.5,0,17
606.6,0,17
606.7,0,17
606.8,0,17
606.9,0,17
607,0,16
607.1,0,16
607.2,0,16
607.3,0,16
607.4,0,16
607.5,0,16
607.6,0,16
607.7,0,16
607.8,0,16
607.9,0,16
608,0,16
608.1,0,16
608.2,0,16
608.3,0,16
608.4,0,16
608.5,0,16
608.6,0,16
608.7,0,16
608.8,0,16
608.9,0,16
609,0,16
609.1,0,16
609.2,0,16
609.3,0,16
609.4,0,16
609.5,0,16
609.6,0,16
609.7,0,16
609.8,0,16
609.9,0,16
610,0,16
610.1,0,16
610.2,0,16
610.3,0,16
610.4,0,16
610.5,0,16
610.6,0,16
610.7,0,16
610.8,0,16
610.9,0,16
611,0,16
611.1,0,16
611.2,0,16
611.3,0,16
611.4,0,16
611.5,0,16
611.6,0,16
611.7,0,16
611.8,0,16
611.9,0,16
612,0,16
612.1,0,16
612.2,0,16
612.3,0,16
612.4,0,16
612.5,0,16
612.6,0,16
612.7,0,16
612.8,0,16
612.9,0,16
613,0,16
613.1,0,16
613.2,0,16
613.3,0,16
613.4,0,16
613.5,0,16
613.6,0,16
613.7,0,16
613.8,0,16
613.9,0,16
614,0,16
614.1,0,16
614.2,0,15
614.3,0,15
614.4,0,15
614.5,0,15
614.6,0,15
614.7,0,15
614.8,0,15
614.9,0,15
615,0,15
615.1,0,15
615.2,0,15
615.3,0,15
615.4,0,15
615.5,0,15
615.6,0,15
615.7,0,15
615.8,0,15
615.9,0,15
616,0,15
616.1,0,15
616.2,0,15
616.3,0,15
616.4,0,15
616.5,0,15
616.6,0,15
616.7,0,15
616.8,0,15
616.9,0,15
617,0,15
617.1,0,15
617.2,0,15
617.3,0,15
617.4,0,15
617.5,0,15
617.6,0,15
617.7,0,15
617.8,0,15
617.9,0,15
618,0,15
618.1,0,15
618.2,0,15
618.3,0,15
618.4,0,15
618.5,0,15
618.6,0,15
618.7,0,15
618.8,0,15
618.9,0,15
619,0,15
619.1,0,15
619.2,0,15
619.3,0,15
619.4,0,15
619.5,0,15
619.6,0,15
619.7,0,14
619.8,0,14
619.9,0,14
620,0,14
620.1,0,14
620.2,0,14
620.3,0,14
620.4,0,14
620.5,0,14
620.6,0,14
620.7,0,14
620.8,0,14
620.9,0,14
621,0,14
621.1,0,14
621.2,0,14
621.3,0,14
621.4,0,14
621.5,0,14
621.6,0,14
621.7,0,14
621.8,0,14
621.9,0,14
622,0,14
622.1,0,14
622.2,0,14
622.3,0,14
622.4,0,14
622.5,0,14
622.6,0,14
622.7,0,14
622.8,0,14
622.9,0,14
623,0,14
623.1,0,14
623.2,0,14
623.3,0,14
623.4,0,14
623.5,0,14
623.6,0,14
623.7,0,14
623.8,0,14
623.9,0,14
624,0,14
624.1,0,14
624.2,0,14
624.3,0,13
624.4,0,13
624.5,0,13
624.6,0,13
624.7,0,14
624.8,0,14
624.9,0,14
625,0,14
625.1,0,14
625.2,0,14
625.3,0,14
625.4,0,14
625.5,0,14
625.6,0,14
625.7,0,14
625.8,0,14
625.9,0,14
626,0,14
626.1,0,14
626.2,0,14
626.3,0,14
626.4,0,14
626.5,0,14
626.6,0,14
626.7,0,14
626.8,0,14
626.9,0,14
627,0,14
627.1,0,14
627.2,0,14
627.3,0,14
627.4,0,14
627.5,0,14
627.6,0,14
627.7,0,14
627.8,0,14
627.9,0,14
628,0,14
628.1,0,14
628.2,0,14
628.3,0,14
628.4,0,13
628.5,0,13
628.6,0,13
628.7,0,13
628.8,0,13
628.9,0,13
629,0,13
629.1,0,13
629.2,0,13
629.3,0,13
629.4,0,13
629.5,0,13
629.6,0,13
629.7,0,13
629.8,0,13
629.9,0,13
630,0,13
630.1,0,13
630.2,0,13
630.3,0,13
630.4,0,13
630.5,0,13
630.6,0,13
630.7,0,13
630.8,0,13
630.9,0,13
631,0,13
631.1,0,13
631.2,0,12
631.3,0,12
631.4,0,12
631.5,0,12
631.6,0,12
631.7,0,12
631.8,0,12
631.9,0,12
632,0,12
632.1,0,12
632.2,0,12
632.3,0,12
632.4,0,12
632.5,0,12
632.6,0,12
632.7,0,12
632.8,0,12
632.9,0,11
633,0,11
633.1,0,11
633.2,0,11
633.3,0,11
633.4,0,11
633.5,0,8
633.6,0,8
633.7,0,8
633.8,0,8
633.9,0,8
634,0,8
634.1,0,8
634.2,0,8
634.3,0,8
634.4,0,8
634.5,0,8
634.6,0,8
634.7,0,8
634.8,0,8
634.9,0,8
635,0,8
635.1,0,4
635.2,0,4
635.3,0,4
635.4,0,4
635.5,0,4
635.6,0,4
635.7,0,4
635.8,0,4
635.9,0,4
636,0,4
636.1,0,4
636.2,0,4
636.3,0,4
636.4,0,4
636.5,0,4
636.6,0,4
636.7,0,4
636.8,0,4
636.9,0,4
637,0,4
637.1,0,4
637.2,0,4
637.3,0,4
637.4,0,4
637.5,0,4
637.6,0,4
637.7,0,4
637.8,0,4
637.9,0,4
638,0,4
638.1,0,4
638.2,0,4
638.3,0,4
638.4,0,4
638.5,0,4
638.6,0,4
638.7,0,4
638.8,0,4
638.9,0,4
639,0,4
639.1,0,4
639.2,0,4
639.3,0,4
639.4,0,4
639.5,0,4
639.6,0,4
639.7,0,4
639.8,0,4
639.9,0,4
640,0,4
640.1,0,4
640.2,0,0
640.3,0,0
640.4,0,0
640.5,0,0
640.6,0,0
640.7,0,0
640.8,0,0
640.9,0,0
641,0,0
641.1,0,0
641.2,0,0
641.3,0,0
641.4,0,0
641.5,0,0
641.6,0,0
641.7,0,0
641.8,0,0
641.9,0,0
642,0,0
642.1,0,0
642.2,0,0
642.3,0,0
642.4,0,0
642.5,0,0
642.6,0,0
642.7,0,0
642.8,0,0
642.9,0,0
643,0,0
643.1,0,0
643.2,0,0
643.3,0,0
643.4,0,0
643.5,0,0
643.6,0,0
643.7,0,0
643.8,0,0
643.9,0,0
644,0,0
644.1,0,0
644.2,0,0
644.3,0,0
644.4,0,0
644.5,0,0
644.6,0,0