time,rpm,speed
0.1,0,0
0.2,0,0
0.3,0,0
0.4,0,0
0.5,0,0
0.6,0,0
0.7,0,0
0.8,0,0
0.9,0,0
1,0,0
1.1,0,0
1.2,0,0
1.3,0,0
1.4,0,0
1.5,0,0
1.6,0,0
1.7,0,0
1.8,0,0
1.9,0,0
2,0,0
2.1,0,0
2.2,0,0
2.3,0,0
2.4,0,0
2.5,0,0
2.6,0,0
2.7,0,0
2.8,0,0
2.9,0,0
3,0,0
3.1,0,0
3.2,0,0
3.3,0,0
3.4,0,0
3.5,0,0
3.6,0,0
3.7,0,0
3.8,0,0
3.9,0,0
4,0,0
4.1,0,0
4.2,0,0
4.3,0,0
4.4,0,0
4.5,0,0
4.6,0,0
4.7,0,0
4.8,0,0
4.9,0,0
5,0,0
5.1,0,0
5.2,0,0
5.3,0,0
5.4,0,0
5.5,0,0
5.6,0,0
5.7,0,0
5.8,0,0
5.9,0,0
6,0,0
6.1,0,0
6.2,0,0
6.3,0,0
6.4,0,0
6.5,0,0
6.6,0,0
6.7,0,0
6.8,0,0
6.9,0,0
7,0,0
7.1,0,0
7.2,0,0
7.3,0,0
7.4,0,0
7.5,0,0
7.6,0,0
7.7,0,0
7.8,0,0
7.9,0,0
8,0,0
8.1,0,0
8.2,0,0
8.3,0,0
8.4,0,0
8.5,0,0
8.6,0,0
8.7,0,0
8.8,0,0
8.9,0,0
9,0,0
9.1,0,0
9.2,0,0
9.3,0,0
9.4,0,0
9.5,0,0
9.6,0,0
9.7,0,0
9.8,0,0
9.9,0,0
10,0,0
10.1,0,0
10.2,0,0
10.3,0,0
10.4,0,0
10.5,0,0
10.6,0,0
10.7,0,0
10.8,0,0
10.9,0,0
11,0,0
11.1,0,0
11.2,0,0
11.3,0,0
11.4,0,0
11.5,0,0
11.6,0,0
11.7,0,0
11.8,0,0
11.9,0,0
12,0,0
12.1,0,0
12.2,0,0
12.3,0,0
12.4,0,0
12.5,0,0
12.6,0,0
12.7,0,0
12.8,0,0
12.9,0,0
13,0,0
13.1,0,0
13.2,0,0
13.3,0,0
13.4,0,0
13.5,0,0
13.6,0,0
13.7,0,0
13.8,0,0
13.9,0,0
14,0,0
14.1,0,0
14.2,0,0
14.3,0,0
14.4,0,0
14.5,0,0
14.6,0,0
14.7,0,0
14.8,0,0
14.9,0,0
15,0,0
15.1,0,0
15.2,0,0
15.3,0,0
15.4,0,0
15.5,0,0
15.6,0,0
15.7,0,0
15.8,0,0
15.9,0,0
16,0,0
16.1,0,0
16.2,0,0
16.3,0,0
16.4,0,0
16.5,600,0
16.6,600,0
16.7,600,0
16.8,600,0
16.9,600,0
17,600,0
17.1,600,0
17.2,600,0
17.3,600,0
17.4,600,0
17.5,3000,0
17.6,3000,0
17.7,3000,0
17.8,3000,0
17.9,3000,0
18,3000,0
18.1,3000,0
18.2,3000,0
18.3,3000,0
18.4,3000,0
18.5,3360,12
18.6,3360,12
18.7,3360,12
18.8,3360,12
18.9,3360,12
19,3360,16
19.1,3360,16
19.2,3360,16
19.3,3360,19
19.4,3360,19
19.5,3360,19
19.6,3480,22
19.7,3480,22
19.8,3480,22
19.9,3480,24
20,3480,24
20.1,3480,26
20.2,3480,26
20.3,3480,26
20.4,3480,26
20.5,3000,26
20.6,3000,26
20.7,3000,26
20.8,3000,26
20.9,3000,26
21,3000,26
21.1,3000,26
21.2,3000,26
21.3,3000,26
21.4,3000,29
21.5,600,29
21.6,600,29
21.7,600,29
21.8,600,29
21.9,600,28
22,600,28
22.1,600,28
22.2,600,28
22.3,600,28
22.4,600,28
22.5,120,28
22.6,120,28
22.7,120,28
22.8,120,28
22.9,120,28
23,120,28
23.1,120,28
23.2,120,28
23.3,120,28
23.4,120,28
23.5,0,28
23.6,0,28
23.7,0,28
23.8,0,28
23.9,0,28
24,0,28
24.1,0,28
24.2,0,28
24.3,0,13
24.4,0,13
24.5,0,28
24.6,0,28
24.7,0,28
24.8,0,28
24.9,0,28
25,0,28
25.1,0,28
25.2,0,28
25.3,0,28
25.4,0,28
25.5,0,28
25.6,0,28
25.7,0,27
25.8,0,27
25.9,0,27
26,0,27
26.1,0,27
26.2,0,27
26.3,0,27
26.4,0,27
26.5,0,27
26.6,0,27
26.7,0,27
26.8,0,27
26.9,0,27
27,0,27
27.1,0,27
27.2,0,27
27.3,0,27
27.4,0,27
27.5,0,26
27.6,0,26
27.7,0,26
27.8,0,27
27.9,0,27
28,0,27
28.1,0,27
28.2,0,27
28.3,0,27
28.4,0,27
28.5,0,27
28.6,0,27
28.7,0,27
28.8,0,27
28.9,0,27
29,0,27
29.1,0,27
29.2,0,26
29.3,0,26
29.4,0,26
29.5,0,26
29.6,0,26
29.7,0,26
29.8,0,26
29.9,0,26
30,0,26
30.1,0,26
30.2,0,26
30.3,0,26
30.4,0,26
30.5,0,26
30.6,0,26
30.7,0,26
30.8,0,26
30.9,0,26
31,0,26
31.1,0,26
31.2,0,26
31.3,0,26
31.4,0,26
31.5,0,26
31.6,0,26
31.7,0,26
31.8,0,26
31.9,0,26
32,0,26
32.1,0,26
32.2,0,26
32.3,0,26
32.4,0,26
32.5,0,25
32.6,0,25
32.7,0,25
32.8,0,25
32.9,0,25
33,0,25
33.1,0,25
33.2,0,25
33.3,0,25
33.4,0,25
33.5,0,25
33.6,0,25
33.7,0,25
33.8,0,25
33.9,0,25
34,0,25
34.1,0,25
34.2,0,25
34.3,0,25
34.4,0,25
34.5,0,25
34.6,0,25
34.7,0,25
34.8,0,25
34.9,0,25
35,0,25
35.1,0,25
35.2,0,25
35.3,0,25
35.4,0,25
35.5,0,25
35.6,0,25
35.7,0,25
35.8,0,25
35.9,0,25
36,0,24
36.1,0,24
36.2,0,25
36.3,0,25
36.4,0,25
36.5,0,25
36.6,0,25
36.7,0,25
36.8,0,25
36.9,0,25
37,0,25
37.1,0,24
37.2,0,24
37.3,0,24
37.4,0,24
37.5,0,24
37.6,0,24
37.7,0,24
37.8,0,24
37.9,0,24
38,0,24
38.1,0,24
38.2,0,24
38.3,0,24
38.4,0,24
38.5,0,24
38.6,0,24
38.7,0,24
38.8,0,24
38.9,0,24
39,0,24
39.1,0,24
39.2,0,24
39.3,0,24
39.4,0,24
39.5,0,24
39.6,0,24
39.7,0,24
39.8,0,24
39.9,0,24
40,0,24
40.1,0,24
40.2,0,24
40.3,0,24
40.4,0,24
40.5,0,24
40.6,0,24
40.7,0,24
40.8,0,24
40.9,0,24
41,0,24
41.1,0,24
41.2,0,24
41.3,0,24
41.4,0,24
41.5,0,24
41.6,0,23
41.7,0,23
41.8,0,23
41.9,0,23
42,0,23
42.1,0,23
42.2,0,23
42.3,0,23
42.4,0,23
42.5,0,23
42.6,0,23
42.7,0,23
42.8,0,23
42.9,0,23
43,0,23
43.1,0,23
43.2,0,23
43.3,0,23
43.4,0,23
43.5,0,23
43.6,0,23
43.7,0,23
43.8,0,23
43.9,0,23
44,0,23
44.1,0,23
44.2,0,23
44.3,0,23
44.4,0,23
44.5,0,23
44.6,0,23
44.7,0,23
44.8,0,23
44.9,0,23
45,0,23
45.1,0,23
45.2,0,23
45.3,0,23
45.4,0,23
45.5,0,23
45.6,0,23
45.7,0,23
45.8,0,23
45.9,0,23
46,0,23
46.1,0,23
46.2,0,23
46.3,0,23
46.4,0,23
46.5,0,23
46.6,0,23
46.7,0,23
46.8,0,23
46.9,0,23
47,0,23
47.1,0,23
47.2,0,23
47.3,0,23
47.4,0,23
47.5,0,22
47.6,0,22
47.7,0,22
47.8,0,22
47.9,0,22
48,0,22
48.1,0,22
48.2,0,22
48.3,0,22
48.4,0,22
48.5,0,22
48.6,0,22
48.7,0,22
48.8,0,22
48.9,0,22
49,0,22
49.1,0,22
49.2,0,22
49.3,0,22
49.4,0,22
49.5,0,22
49.6,0,22
49.7,0,22
49.8,0,22
49.9,0,22
50,0,22
50.1,0,22
50.2,0,22
50.3,0,22
50.4,0,22
50.5,480,22
50.6,480,22
50.7,480,22
50.8,480,22
50.9,480,22
51,480,22
51.1,480,22
51.2,480,23
51.3,2880,23
51.4,2880,23
51.5,2880,23
51.6,2880,25
51.7,2880,25
51.8,2880,27
51.9,2880,27
52,2880,28
52.1,2880,30
52.2,2880,30
52.3,2880,30
52.4,4560,31
52.5,4560,31
52.6,4560,33
52.7,4560,33
52.8,4560,34
52.9,4560,34
53,4560,35
53.1,4560,35
53.2,4560,35
53.3,4560,35
53.4,2280,35
53.5,2280,35
53.6,2280,35
53.7,2280,35
53.8,2280,35
53.9,2280,35
54,2280,35
54.1,2280,35
54.2,2280,35
54.3,2280,35
54.4,840,35
54.5,840,35
54.6,840,35
54.7,840,35
54.8,840,35
54.9,840,35
55,840,35
55.1,840,35
55.2,840,34
55.3,840,34
55.4,0,34
55.5,0,34
55.6,0,34
55.7,0,34
55.8,0,34
55.9,0,34
56,0,34
56.1,0,34
56.2,0,34
56.3,0,34
56.4,0,34
56.5,0,34
56.6,0,34
56.7,0,34
56.8,0,34
56.9,0,34
57,0,34
57.1,0,34
57.2,0,34
57.3,0,34
57.4,0,34
57.5,0,34
57.6,0,34
57.7,0,34
57.8,0,34
57.9,0,33
58,0,33
58.1,0,33
58.2,0,33
58.3,0,33
58.4,0,33
58.5,0,33
58.6,0,33
58.7,0,33
58.8,0,33
58.9,0,33
59,0,33
59.1,0,33
59.2,0,33
59.3,0,33
59.4,0,33
59.5,0,33
59.6,0,33
59.7,0,33
59.8,0,33
59.9,0,33
60,0,33
60.1,0,33
60.2,0,33
60.3,0,33
60.4,0,32
60.5,0,32
60.6,0,32
60.7,0,32
60.8,0,32
60.9,0,32
61,0,32
61.1,0,32
61.2,0,32
61.3,0,32
61.4,0,32
61.5,0,32
61.6,0,32
61.7,0,32
61.8,0,32
61.9,0,32
62,0,32
62.1,0,32
62.2,0,32
62.3,0,32
62.4,0,32
62.5,0,32
62.6,0,32
62.7,0,32
62.8,0,32
62.9,0,32
63,0,32
63.1,0,32
63.2,0,32
63.3,0,30
63.4,0,32
63.5,0,32
63.6,0,32
63.7,0,32
63.8,0,32
63.9,0,32
64,0,32
64.1,0,31
64.2,0,31
64.3,0,31
64.4,0,31
64.5,0,31
64.6,0,31
64.7,0,31
64.8,0,31
64.9,0,31
65,0,31
65.1,0,31
65.2,0,31
65.3,0,31
65.4,0,31
65.5,0,31
65.6,0,31
65.7,0,31
65.8,0,31
65.9,0,31
66,0,31
66.1,0,31
66.2,0,31
66.3,0,31
66.4,0,31
66.5,0,31
66.6,0,31
66.7,0,31
66.8,0,31
66.9,0,31
67,0,31
67.1,0,31
67.2,0,31
67.3,0,31
67.4,0,15
67.5,0,15
67.6,0,30
67.7,0,30
67.8,0,30
67.9,0,30
68,0,30
68.1,0,30
68.2,0,30
68.3,0,30
68.4,0,30
68.5,0,30
68.6,0,30
68.7,0,29
68.8,0,29
68.9,0,30
69,0,30
69.1,0,29
69.2,0,29
69.3,0,30
69.4,0,30
69.5,0,30
69.6,0,30
69.7,0,30
69.8,0,30
69.9,0,9
70,0,9
70.1,0,9
70.2,0,9
70.3,0,9
70.4,0,9
70.5,0,14
70.6,0,29
70.7,0,29
70.8,0,29
70.9,0,29
71,0,29
71.1,0,29
71.2,0,29
71.3,0,29
71.4,0,28
71.5,0,28
71.6,0,28
71.7,0,29
71.8,0,29
71.9,0,29
72,0,29
72.1,0,29
72.2,0,29
72.3,0,29
72.4,0,29
72.5,0,29
72.6,0,29
72.7,0,29
72.8,0,29
72.9,0,29
73,0,29
73.1,0,29
73.2,0,29
73.3,0,28
73.4,0,28
73.5,0,28
73.6,0,28
73.7,0,28
73.8,0,28
73.9,0,28
74,0,28
74.1,0,28
74.2,0,28
74.3,0,28
74.4,0,28
74.5,0,28
74.6,0,28
74.7,0,28
74.8,0,28
74.9,0,28
75,0,28
75.1,0,28
75.2,0,28
75.3,0,28
75.4,0,28
75.5,0,28
75.6,0,28
75.7,0,28
75.8,0,28
75.9,0,28
76,0,28
76.1,0,28
76.2,0,28
76.3,0,28
76.4,0,28
76.5,0,28
76.6,0,28
76.7,0,28
76.8,0,28
76.9,0,28
77,0,28
77.1,0,28
77.2,0,28
77.3,0,28
77.4,0,28
77.5,0,27
77.6,0,27
77.7,0,28
77.8,0,28
77.9,0,27
78,0,27
78.1,0,27
78.2,0,27
78.3,0,27
78.4,0,27
78.5,0,27
78.6,0,27
78.7,0,27
78.8,0,27
78.9,0,27
79,0,27
79.1,0,27
79.2,0,27
79.3,0,27
79.4,0,27
79.5,0,27
79.6,0,27
79.7,0,27
79.8,0,27
79.9,0,27
80,0,27
80.1,0,27
80.2,0,27
80.3,0,27
80.4,0,27
80.5,0,27
80.6,0,27
80.7,0,27
80.8,0,27
80.9,0,27
81,0,27
81.1,0,27
81.2,0,27
81.3,0,27
81.4,0,27
81.5,0,27
81.6,0,27
81.7,0,27
81.8,0,26
81.9,0,26
82,0,26
82.1,0,26
82.2,0,26
82.3,0,26
82.4,0,26
82.5,0,26
82.6,0,26
82.7,0,26
82.8,0,26
82.9,0,26
83,0,26
83.1,0,26
83.2,0,26
83.3,0,26
83.4,0,26
83.5,0,26
83.6,0,26
83.7,0,26
83.8,0,26
83.9,0,26
84,0,26
84.1,0,26
84.2,0,26
84.3,0,26
84.4,0,26
84.5,0,26
84.6,0,26
84.7,0,26
84.8,0,26
84.9,0,26
85,0,26
85.1,0,26
85.2,0,26
85.3,0,26
85.4,0,26
85.5,0,26
85.6,0,26
85.7,0,26
85.8,0,26
85.9,0,26
86,0,26
86.1,0,26
86.2,0,26
86.3,0,26
86.4,0,26
86.5,0,26
86.6,0,26
86.7,0,26
86.8,0,26
86.9,0,25
87,0,25
87.1,0,25
87.2,0,26
87.3,0,26
87.4,0,26
87.5,0,25
87.6,0,25
87.7,0,25
87.8,0,25
87.9,0,25
88,0,25
88.1,0,25
88.2,0,25
88.3,0,25
88.4,0,25
88.5,0,25
88.6,0,25
88.7,0,25
88.8,0,25
88.9,0,25
89,0,25
89.1,0,25
89.2,0,25
89.3,0,25
89.4,0,25
89.5,0,25
89.6,0,25
89.7,0,25
89.8,0,25
89.9,0,25
90,0,24
90.1,0,24
90.2,0,24
90.3,0,25
90.4,0,25
90.5,0,25
90.6,0,25
90.7,0,25
90.8,0,24
90.9,0,24
91,0,25
91.1,0,25
91.2,0,25
91.3,0,25
91.4,0,25
91.5,0,25
91.6,0,25
91.7,0,25
91.8,0,25
91.9,0,12
92,0,12
92.1,0,12
92.2,0,12
92.3,0,12
92.4,0,12
92.5,0,12
92.6,0,12
92.7,0,24
92.8,0,24
92.9,0,23
93,0,23
93.1,0,24
93.2,0,24
93.3,0,24
93.4,0,24
93.5,0,24
93.6,0,24
93.7,0,24
93.8,0,24
93.9,0,11
94,0,11
94.1,0,11
94.2,0,24
94.3,0,24
94.4,0,24
94.5,0,24
94.6,0,24
94.7,0,24
94.8,0,24
94.9,0,24
95,0,11
95.1,0,11
95.2,0,11
95.3,0,11
95.4,0,23
95.5,0,23
95.6,0,23
95.7,0,23
95.8,0,23
95.9,0,23
96,0,23
96.1,0,23
96.2,0,23
96.3,0,23
96.4,0,23
96.5,0,23
96.6,0,23
96.7,0,23
96.8,0,23
96.9,0,23
97,0,23
97.1,0,23
97.2,0,23
97.3,0,23
97.4,0,23
97.5,0,23
97.6,0,23
97.7,0,23
97.8,0,23
97.9,0,23
98,0,23
98.1,0,23
98.2,0,23
98.3,0,23
98.4,0,23
98.5,0,23
98.6,0,23
98.7,0,23
98.8,0,23
98.9,0,23
99,0,23
99.1,0,23
99.2,0,23
99.3,0,23
99.4,0,23
99.5,0,22
99.6,0,22
99.7,0,22
99.8,0,22
99.9,0,22
100,0,22
100.1,0,22
100.2,0,22
100.3,0,22
100.4,0,22
100.5,0,22
100.6,0,22
100.7,0,22
100.8,0,22
100.9,0,22
101,0,22
101.1,0,22
101.2,0,22
101.3,0,22
101.4,0,22
101.5,0,22
101.6,0,22
101.7,0,22
101.8,0,22
101.9,0,22
102,0,22
102.1,0,22
102.2,0,22
102.3,0,22
102.4,0,22
102.5,0,22
102.6,0,22
102.7,0,22
102.8,0,22
102.9,0,22
103,0,22
103.1,0,22
103.2,0,22
103.3,0,21
103.4,0,21
103.5,0,21
103.6,0,21
103.7,0,21
103.8,0,21
103.9,0,21
104,0,21
104.1,0,21
104.2,0,21
104.3,0,21
104.4,0,21
104.5,0,21
104.6,0,21
104.7,0,21
104.8,0,21
104.9,0,21
105,0,21
105.1,0,21
105.2,0,21
105.3,0,21
105.4,0,21
105.5,0,21
105.6,0,21
105.7,0,21
105.8,0,21
105.9,0,21
106,0,21
106.1,0,21
106.2,0,21
106.3,0,21
106.4,0,21
106.5,0,21
106.6,0,21
106.7,0,21
106.8,0,21
106.9,0,21
107,0,21
107.1,0,21
107.2,0,21
107.3,0,21
107.4,0,21
107.5,0,21
107.6,0,21
107.7,0,21
107.8,0,21
107.9,0,21
108,0,21
108.1,0,21
108.2,0,21
108.3,0,21
108.4,0,21
108.5,0,21
108.6,0,21
108.7,0,21
108.8,0,21
108.9,0,21
109,0,21
109.1,0,21
109.2,0,21
109.3,0,21
109.4,0,20
109.5,0,20
109.6,0,20
109.7,0,21
109.8,0,21
109.9,0,21
110,0,21
110.1,0,21
110.2,0,21
110.3,0,21
110.4,0,21
110.5,0,21
110.6,0,21
110.7,0,20
110.8,0,20
110.9,0,20
111,0,20
111.1,0,20
111.2,0,20
111.3,0,20
111.4,0,20
111.5,0,20
111.6,0,20
111.7,0,20
111.8,0,20
111.9,0,20
112,0,20
112.1,0,20
112.2,0,20
112.3,0,20
112.4,0,20
112.5,0,20
112.6,0,20
112.7,0,20
112.8,0,20
112.9,0,20
113,0,20
113.1,0,20
113.2,0,20
113.3,0,20
113.4,0,20
113.5,0,20
113.6,0,20
113.7,0,20
113.8,0,20
113.9,0,20
114,0,20
114.1,0,20
114.2,0,20
114.3,0,20
114.4,0,20
114.5,0,20
114.6,0,20
114.7,0,20
114.8,0,20
114.9,0,20
115,0,20
115.1,0,20
115.2,0,20
115.3,0,20
115.4,0,21
115.5,0,21
115.6,0,21
115.7,0,21
115.8,0,20
115.9,0,20
116,0,20
116.1,0,20
116.2,0,20
116.3,0,20
116.4,0,20
116.5,0,20
116.6,0,20
116.7,0,20
116.8,0,20
116.9,0,20
117,0,19
117.1,0,19
117.2,0,19
117.3,0,19
117.4,0,19
117.5,0,19
117.6,0,19
117.7,0,19
117.8,0,19
117.9,0,19
118,0,19
118.1,0,19
118.2,0,19
118.3,0,19
118.4,0,19
118.5,0,19
118.6,0,19
118.7,0,19
118.8,0,19
118.9,0,19
119,0,19
119.1,0,18
119.2,0,18
119.3,0,18
119.4,0,18
119.5,0,18
119.6,0,18
119.7,0,18
119.8,0,18
119.9,0,18
120,0,18
120.1,0,18
120.2,0,18
120.3,0,18
120.4,0,18
120.5,0,18
120.6,0,18
120.7,0,18
120.8,0,18
120.9,0,17
121,0,17
121.1,0,17
121.2,0,17
121.3,0,17
121.4,0,17
121.5,0,17
121.6,0,17
121.7,0,17
121.8,0,17
121.9,0,17
122,0,16
122.1,0,16
122.2,0,16
122.3,0,16
122.4,0,16
122.5,0,16
122.6,0,16
122.7,0,16
122.8,0,16
122.9,0,16
123,0,16
123.1,0,16
123.2,0,16
123.3,0,16
123.4,0,16
123.5,0,16
123.6,0,16
123.7,0,16
123.8,0,16
123.9,0,16
124,0,16
124.1,0,16
124.2,0,16
124.3,0,16
124.4,0,16
124.5,0,16
124.6,0,16
124.7,0,16
124.8,0,16
124.9,0,16
125,0,16
125.1,0,16
125.2,0,16
125.3,0,16
125.4,0,16
125.5,0,16
125.6,0,16
125.7,0,16
125.8,0,16
125.9,0,16
126,0,16
126.1,0,16
126.2,0,16
126.3,0,16
126.4,0,16
126.5,0,16
126.6,0,16
126.7,0,16
126.8,0,16
126.9,0,16
127,0,16
127.1,0,16
127.2,0,15
127.3,0,15
127.4,0,15
127.5,0,15
127.6,0,15
127.7,0,15
127.8,0,15
127.9,0,15
128,0,15
128.1,0,15
128.2,0,15
128.3,0,15
128.4,0,15
128.5,0,15
128.6,0,15
128.7,0,15
128.8,0,15
128.9,0,15
129,0,15
129.1,0,15
129.2,0,15
129.3,0,15
129.4,0,15
129.5,0,15
129.6,0,15
129.7,0,15
129.8,0,15
129.9,0,15
130,0,15
130.1,0,15
130.2,0,15
130.3,0,15
130.4,0,15
130.5,0,15
130.6,0,15
130.7,0,15
130.8,0,15
130.9,0,15
131,0,15
131.1,0,15
131.2,0,15
131.3,0,15
131.4,0,15
131.5,0,15
131.6,0,15
131.7,0,15
131.8,0,15
131.9,0,14
132,0,14
132.1,0,14
132.2,0,15
132.3,0,15
132.4,0,15
132.5,0,15
132.6,0,15
132.7,0,15
132.8,0,15
132.9,0,15
133,0,15
133.1,0,15
133.2,0,15
133.3,0,15
133.4,0,15
133.5,0,14
133.6,0,14
133.7,0,14
133.8,0,14
133.9,0,14
134,0,14
134.1,0,14
134.2,0,14
134.3,0,14
134.4,0,14
134.5,0,14
134.6,0,14
134.7,0,14
134.8,0,14
134.9,480,14
135,480,14
135.1,480,14
135.2,480,14
135.3,480,14
135.4,480,14
135.5,480,14
135.6,480,14
135.7,480,15
135.8,480,15
135.9,2760,15
136,2760,15
136.1,2760,18
136.2,2760,18
136.3,2760,18
136.4,2760,21
136.5,2760,21
136.6,2760,21
136.7,2760,23
136.8,2760,23
136.9,3600,23
137,3600,25
137.1,3600,25
137.2,3600,25
137.3,3600,27
137.4,3600,27
137.5,3600,29
137.6,3600,30
137.7,3600,30
137.8,3600,31
137.9,3000,31
138,3000,31
138.1,3000,31
138.2,3000,31
138.3,3000,31
138.4,3000,31
138.5,3000,31
138.6,3000,30
138.7,3000,30
138.8,3000,30
138.9,3000,31
139,600,31
139.1,600,31
139.2,600,31
139.3,600,31
139.4,600,31
139.5,600,31
139.6,600,31
139.7,600,31
139.8,600,31
139.9,120,30
140,120,30
140.1,120,30
140.2,120,31
140.3,120,31
140.4,120,30
140.5,120,30
140.6,120,30
140.7,120,30
140.8,120,30
140.9,0,30
141,0,30
141.1,0,30
141.2,0,30
141.3,0,30
141.4,0,30
141.5,0,30
141.6,0,30
141.7,0,30
141.8,0,30
141.9,0,30
142,0,30
142.1,0,30
142.2,0,30
142.3,0,30
142.4,0,30
142.5,0,30
142.6,0,30
142.7,0,30
142.8,0,29
142.9,0,29
143,0,29
143.1,0,29
143.2,0,29
143.3,0,29
143.4,0,29
143.5,0,29
143.6,0,29
143.7,0,29
143.8,0,29
143.9,0,29
144,0,29
144.1,0,29
144.2,0,29
144.3,0,29
144.4,0,29
144.5,0,29
144.6,0,29
144.7,0,29
144.8,0,29
144.9,0,29
145,0,29
145.1,0,29
145.2,0,29
145.3,0,29
145.4,0,29
145.5,0,29
145.6,0,29
145.7,0,28
145.8,0,28
145.9,0,28
146,0,28
146.1,0,28
146.2,0,28
146.3,0,28
146.4,0,28
146.5,0,28
146.6,0,28
146.7,0,28
146.8,0,28
146.9,0,28
147,0,28
147.1,0,28
147.2,0,28
147.3,0,27
147.4,0,27
147.5,0,28
147.6,0,28
147.7,0,28
147.8,0,28
147.9,0,28
148,0,28
148.1,0,28
148.2,0,28
148.3,0,28
148.4,0,27
148.5,0,27
148.6,0,27
148.7,0,27
148.8,0,27
148.9,0,27
149,0,27
149.1,0,27
149.2,0,27
149.3,0,27
149.4,0,27
149.5,0,27
149.6,0,27
149.7,0,27
149.8,0,27
149.9,0,27
150,0,27
150.1,0,27
150.2,0,27
150.3,0,27
150.4,0,27
150.5,0,27
150.6,0,27
150.7,0,27
150.8,0,27
150.9,0,27
151,0,27
151.1,0,26
151.2,0,26
151.3,0,26
151.4,0,26
151.5,0,26
151.6,0,26
151.7,0,26
151.8,0,26
151.9,0,26
152,0,26
152.1,0,26
152.2,0,26
152.3,0,26
152.4,0,26
152.5,0,26
152.6,0,26
152.7,0,26
152.8,0,26
152.9,0,26
153,0,26
153.1,0,26
153.2,0,26
153.3,0,26
153.4,0,26
153.5,0,26
153.6,0,25
153.7,0,25
153.8,0,25
153.9,0,25
154,0,25
154.1,0,25
154.2,0,25
154.3,0,25
154.4,0,25
154.5,0,25
154.6,0,25
154.7,0,25
154.8,0,25
154.9,0,25
155,0,25
155.1,0,25
155.2,0,25
155.3,0,25
155.4,0,25
155.5,0,25
155.6,0,25
155.7,0,25
155.8,0,25
155.9,0,25
156,0,25
156.1,0,25
156.2,0,25
156.3,0,25
156.4,0,25
156.5,0,25
156.6,0,24
156.7,0,24
156.8,0,24
156.9,0,24
157,0,24
157.1,0,24
157.2,0,24
157.3,0,24
157.4,0,24
157.5,0,24
157.6,0,24
157.7,0,24
157.8,0,24
157.9,0,24
158,0,24
158.1,0,24
158.2,0,24
158.3,0,24
158.4,0,24
158.5,0,24
158.6,0,24
158.7,0,24
158.8,0,24
158.9,0,24
159,0,24
159.1,0,24
159.2,0,24
159.3,0,24
159.4,0,24
159.5,0,24
159.6,0,24
159.7,0,24
159.8,0,24
159.9,0,24
160,0,24
160.1,0,23
160.2,0,23
160.3,0,23
160.4,0,23
160.5,0,23
160.6,0,23
160.7,0,23
160.8,0,23
160.9,0,23
161,0,23
161.1,0,23
161.2,0,23
161.3,0,23
161.4,0,23
161.5,0,23
161.6,0,23
161.7,0,23
161.8,0,23
161.9,0,23
162,0,23
162.1,0,23
162.2,0,23
162.3,0,23
162.4,0,23
162.5,0,23
162.6,0,23
162.7,0,23
162.8,0,23
162.9,0,23
163,0,23
163.1,0,23
163.2,0,23
163.3,0,23
163.4,0,22
163.5,0,22
163.6,0,22
163.7,0,22
163.8,0,22
163.9,0,22
164,0,22
164.1,0,22
164.2,0,22
164.3,0,22
164.4,0,22
164.5,0,22
164.6,0,22
164.7,0,22
164.8,0,22
164.9,0,22
165,0,22
165.1,0,22
165.2,0,22
165.3,0,22
165.4,0,22
165.5,0,22
165.6,0,22
165.7,0,22
165.8,0,22
165.9,0,22
166,0,22
166.1,0,22
166.2,0,22
166.3,0,22
166.4,0,21
166.5,0,21
166.6,0,21
166.7,0,21
166.8,480,21
166.9,480,21
167,480,21
167.1,480,21
167.2,480,21
167.3,480,21
167.4,480,21
167.5,480,21
167.6,480,22
167.7,480,22
167.8,3000,22
167.9,3000,24
168,3000,24
168.1,3000,26
168.2,3000,26
168.3,3000,28
168.4,3000,28
168.5,3000,28
168.6,3000,29
168.7,3000,29
168.8,3960,31
168.9,3960,31
169,3960,32
169.1,3960,32
169.2,3960,32
169.3,3960,32
169.4,3960,32
169.5,3960,32
169.6,3960,32
169.7,3960,31
169.8,960,31
169.9,960,31
170,960,31
170.1,960,31
170.2,960,31
170.3,960,31
170.4,960,31
170.5,960,31
170.6,960,31
170.7,960,31
170.8,240,15
170.9,240,15
171,240,31
171.1,240,31
171.2,240,31
171.3,240,31
171.4,240,31
171.5,240,31
171.6,240,31
171.7,240,31
171.8,0,31
171.9,0,31
172,0,31
172.1,0,15
172.2,0,15
172.3,0,31
172.4,0,31
172.5,0,31
172.6,0,31
172.7,0,31
172.8,0,31
172.9,0,30
173,0,30
173.1,0,30
173.2,0,30
173.3,0,30
173.4,0,30
173.5,0,30
173.6,0,30
173.7,0,30
173.8,0,30
173.9,0,30
174,0,30
174.1,0,30
174.2,0,29
174.3,0,29
174.4,0,29
174.5,0,29
174.6,0,29
174.7,0,14
174.8,0,14
174.9,0,14
175,0,14
175.1,0,14
175.2,0,14
175.3,0,14
175.4,0,14
175.5,0,14
175.6,0,14
175.7,0,14
175.8,0,29
175.9,0,29
176,0,29
176.1,0,29
176.2,0,14
176.3,0,14
176.4,0,29
176.5,0,29
176.6,0,29
176.7,0,29
176.8,0,29
176.9,0,29
177,0,29
177.1,0,29
177.2,0,29
177.3,0,29
177.4,0,29
177.5,0,29
177.6,0,29
177.7,0,14
177.8,0,14
177.9,0,14
178,0,14
178.1,0,14
178.2,0,14
178.3,0,14
178.4,0,14
178.5,0,28
178.6,0,28
178.7,0,28
178.8,0,28
178.9,0,27
179,0,27
179.1,0,27
179.2,0,27
179.3,0,28
179.4,0,28
179.5,0,28
179.6,0,28
179.7,0,28
179.8,0,28
179.9,0,28
180,0,28
180.1,0,28
180.2,0,28
180.3,0,28
180.4,0,28
180.5,0,28
180.6,0,28
180.7,0,28
180.8,0,28
180.9,0,28
181,0,27
181.1,0,27
181.2,0,27
181.3,0,27
181.4,0,27
181.5,0,26
181.6,0,26
181.7,0,27
181.8,0,27
181.9,0,27
182,0,27
182.1,0,27
182.2,0,27
182.3,0,27
182.4,0,27
182.5,0,27
182.6,0,27
182.7,0,27
182.8,0,27
182.9,0,27
183,0,27
183.1,0,26
183.2,0,26
183.3,0,26
183.4,0,26
183.5,0,26
183.6,0,26
183.7,0,26
183.8,0,26
183.9,0,26
184,0,26
184.1,0,26
184.2,0,25
184.3,0,25
184.4,0,26
184.5,0,26
184.6,0,26
184.7,0,26
184.8,0,26
184.9,0,26
185,0,26
185.1,0,8
185.2,0,8
185.3,0,8
185.4,0,26
185.5,0,26
185.6,0,26
185.7,0,26
185.8,0,26
185.9,0,26
186,0,26
186.1,0,26
186.2,0,26
186.3,0,26
186.4,0,24
186.5,0,24
186.6,0,24
186.7,0,24
186.8,0,24
186.9,0,12
187,0,12
187.1,0,25
187.2,0,25
187.3,0,25
187.4,0,25
187.5,0,25
187.6,0,25
187.7,0,25
187.8,0,25
187.9,0,25
188,0,25
188.1,0,25
188.2,0,25
188.3,0,25
188.4,0,25
188.5,0,25
188.6,0,25
188.7,0,25
188.8,0,25
188.9,0,25
189,0,24
189.1,0,24
189.2,0,25
189.3,0,25
189.4,0,25
189.5,0,24
189.6,0,24
189.7,0,23
189.8,0,23
189.9,0,23
190,0,24
190.1,0,24
190.2,0,24
190.3,0,24
190.4,0,24
190.5,0,12
190.6,0,12
190.7,0,12
190.8,0,12
190.9,0,12
191,0,12
191.1,0,11
191.2,0,11
191.3,0,24
191.4,0,24
191.5,0,24
191.6,0,24
191.7,0,24
191.8,0,24
191.9,0,24
192,0,24
192.1,0,24
192.2,0,24
192.3,0,24
192.4,0,24
192.5,0,24
192.6,0,24
192.7,0,11
192.8,0,11
192.9,0,11
193,0,24
193.1,0,24
193.2,0,23
193.3,0,23
193.4,0,23
193.5,0,23
193.6,0,23
193.7,0,23
193.8,0,23
193.9,0,23
194,0,23
194.1,0,23
194.2,0,23
194.3,0,23
194.4,0,11
194.5,0,11
194.6,0,23
194.7,0,23
194.8,0,23
194.9,0,23
195,0,23
195.1,0,23
195.2,0,23
195.3,0,23
195.4,0,23
195.5,0,23
195.6,0,23
195.7,0,23
195.8,0,23
195.9,0,23
196,0,11
196.1,0,11
196.2,0,11
196.3,0,11
196.4,0,22
196.5,0,22
196.6,0,22
196.7,0,22
196.8,0,22
196.9,0,22
197,0,22
197.1,0,22
197.2,0,22
197.3,0,22
197.4,0,22
197.5,0,22
197.6,0,22
197.7,0,22
197.8,0,22
197.9,0,22
198,0,22
198.1,0,22
198.2,0,22
198.3,0,22
198.4,0,22
198.5,0,22
198.6,0,21
198.7,0,21
198.8,0,21
198.9,0,21
199,0,22
199.1,0,22
199.2,0,22
199.3,0,21
199.4,0,21
199.5,0,21
199.6,0,21
199.7,0,21
199.8,0,21
199.9,0,21
200,0,21
200.1,0,21
200.2,0,21
200.3,0,21
200.4,0,21
200.5,0,21
200.6,0,21
200.7,0,21
200.8,0,21
200.9,0,21
201,0,21
201.1,0,21
201.2,0,21
201.3,0,21
201.4,0,21
201.5,0,21
201.6,0,21
201.7,0,21
201.8,0,21
201.9,0,21
202,0,21
202.1,0,21
202.2,0,21
202.3,0,21
202.4,0,21
202.5,0,21
202.6,0,21
202.7,0,21
202.8,0,21
202.9,0,21
203,0,21
203.1,0,21
203.2,0,21
203.3,0,21
203.4,0,21
203.5,0,21
203.6,0,21
203.7,0,21
203.8,0,21
203.9,0,21
204,0,21
204.1,0,20
204.2,0,20
204.3,0,20
204.4,0,20
204.5,0,20
204.6,0,20
204.7,0,20
204.8,0,20
204.9,0,20
205,0,20
205.1,0,20
205.2,0,20
205.3,0,20
205.4,0,20
205.5,0,20
205.6,0,20
205.7,0,20
205.8,0,20
205.9,0,20
206,0,20
206.1,0,20
206.2,0,20
206.3,0,20
206.4,0,20
206.5,0,20
206.6,0,20
206.7,0,20
206.8,0,20
206.9,0,20
207,0,20
207.1,0,20
207.2,0,19
207.3,0,19
207.4,0,19
207.5,0,19
207.6,0,20
207.7,0,20
207.8,0,20
207.9,0,20
208,0,19
208.1,0,19
208.2,0,19
208.3,0,19
208.4,0,19
208.5,0,19
208.6,0,19
208.7,0,19
208.8,0,19
208.9,0,19
209,0,19
209.1,0,19
209.2,0,19
209.3,0,19
209.4,0,19
209.5,0,19
209.6,0,19
209.7,0,19
209.8,0,19
209.9,0,19
210,0,19
210.1,0,19
210.2,0,19
210.3,0,19
210.4,0,19
210.5,0,19
210.6,0,19
210.7,0,19
210.8,0,19
210.9,0,19
211,0,19
211.1,0,19
211.2,0,19
211.3,0,19
211.4,0,19
211.5,0,19
211.6,0,19
211.7,0,19
211.8,0,19
211.9,0,19
212,0,19
212.1,0,19
212.2,0,19
212.3,0,19
212.4,0,18
212.5,0,18
212.6,0,18
212.7,0,18
212.8,0,18
212.9,0,18
213,0,18
213.1,0,18
213.2,0,18
213.3,0,18
213.4,0,18
213.5,0,18
213.6,0,18
213.7,0,18
213.8,0,18
213.9,0,18
214,0,18
214.1,0,18
214.2,0,18
214.3,0,18
214.4,0,18
214.5,0,18
214.6,0,18
214.7,0,18
214.8,0,18
214.9,0,18
215,0,18
215.1,0,18
215.2,0,18
215.3,0,18
215.4,0,18
215.5,0,18
215.6,0,18
215.7,0,18
215.8,0,18
215.9,0,18
216,0,18
216.1,0,18
216.2,0,18
216.3,0,18
216.4,0,18
216.5,0,18
216.6,0,18
216.7,0,18
216.8,0,18
216.9,0,18
217,0,18
217.1,0,18
217.2,0,18
217.3,0,18
217.4,0,18
217.5,0,18
217.6,0,18
217.7,0,17
217.8,0,17
217.9,0,17
218,0,17
218.1,0,17
218.2,0,17
218.3,0,17
218.4,0,17
218.5,0,17
218.6,0,17
218.7,0,17
218.8,0,17
218.9,0,17
219,0,17
219.1,0,17
219.2,0,17
219.3,0,17
219.4,0,17
219.5,0,17
219.6,0,17
219.7,0,17
219.8,0,17
219.9,0,17
220,0,17
220.1,0,17
220.2,0,17
220.3,0,17
220.4,0,17
220.5,0,17
220.6,0,17
220.7,0,17
220.8,0,17
220.9,0,17
221,0,17
221.1,0,17
221.2,0,17
221.3,0,17
221.4,0,17
221.5,0,17
221.6,0,17
221.7,0,17
221.8,0,17
221.9,0,17
222,0,17
222.1,0,17
222.2,0,17
222.3,0,17
222.4,0,17
222.5,0,17
222.6,0,17
222.7,0,17
222.8,0,17
222.9,0,17
223,0,17
223.1,0,17
223.2,0,17
223.3,0,17
223.4,0,17
223.5,0,17
223.6,0,17
223.7,0,16
223.8,0,16
223.9,0,16
224,0,16
224.1,0,16
224.2,0,16
224.3,0,16
224.4,0,16
224.5,0,16
224.6,0,16
224.7,0,16
224.8,0,16
224.9,0,16
225,0,16
225.1,0,16
225.2,0,16
225.3,0,16
225.4,0,16
225.5,0,16
225.6,0,16
225.7,0,16
225.8,0,16
225.9,0,16
226,0,16
226.1,0,16
226.2,0,16
226.3,0,16
226.4,0,16
226.5,0,16
226.6,0,16
226.7,0,16
226.8,0,16
226.9,0,16
227,0,16
227.1,0,16
227.2,0,16
227.3,0,16
227.4,0,16
227.5,0,16
227.6,0,16
227.7,0,16
227.8,0,16
227.9,0,16
228,0,16
228.1,0,16
228.2,0,16
228.3,0,16
228.4,0,16
228.5,0,15
228.6,0,15
228.7,0,15
228.8,0,15
228.9,0,15
229,0,15
229.1,0,15
229.2,0,15
229.3,0,15
229.4,0,15
229.5,0,15
229.6,0,15
229.7,0,15
229.8,0,15
229.9,0,15
230,0,15
230.1,0,15
230.2,0,15
230.3,0,15
230.4,0,15
230.5,0,15
230.6,0,15
230.7,0,15
230.8,0,15
230.9,0,15
231,0,15
231.1,0,15
231.2,0,15
231.3,0,15
231.4,0,15
231.5,0,15
231.6,0,15
231.7,0,15
231.8,0,15
231.9,0,15
232,0,15
232.1,0,15
232.2,0,15
232.3,0,15
232.4,0,15
232.5,0,15
232.6,0,15
232.7,0,15
232.8,0,15
232.9,0,15
233,0,15
233.1,0,15
233.2,0,15
233.3,0,15
233.4,0,15
233.5,0,15
233.6,0,15
233.7,0,15
233.8,0,15
233.9,0,15
234,0,15
234.1,0,15
234.2,0,15
234.3,0,15
234.4,0,15
234.5,0,15
234.6,0,15
234.7,0,15
234.8,0,15
234.9,0,15
235,0,15
235.1,0,15
235.2,0,15
235.3,0,15
235.4,0,15
235.5,0,15
235.6,0,14
235.7,0,14
235.8,0,14
235.9,0,14
236,0,14
236.1,0,14
236.2,0,14
236.3,0,14
236.4,0,14
236.5,0,14
236.6,0,14
236.7,0,14
236.8,0,14
236.9,0,14
237,0,14
237.1,0,14
237.2,0,14
237.3,0,14
237.4,0,14
237.5,0,14
237.6,0,14
237.7,0,14
237.8,0,14
237.9,0,14
238,0,14
238.1,0,14
238.2,0,14
238.3,0,14
238.4,0,14
238.5,0,14
238.6,0,14
238.7,0,14
238.8,0,14
238.9,0,14
239,0,14
239.1,0,14
239.2,0,14
239.3,0,14
239.4,0,14
239.5,0,14
239.6,120,14
239.7,120,14
239.8,120,14
239.9,120,14
240,120,14
240.1,120,14
240.2,120,14
240.3,120,14
240.4,120,14
240.5,2040,14
240.6,2040,14
240.7,2040,14
240.8,2040,14
240.9,2040,14
241,2040,17
241.1,2040,17
241.2,2040,17
241.3,2040,17
241.4,2040,0
241.5,2040,0
241.6,3360,22
241.7,3360,22
241.8,3360,24
241.9,3360,24
242,3360,24
242.1,3360,26
242.2,3360,26
242.3,3360,26
242.4,3360,28
242.5,3240,29
242.6,3240,29
242.7,3240,29
242.8,3240,29
242.9,3240,29
243,3240,29
243.1,3240,29
243.2,3240,29
243.3,3240,29
243.4,3240,29
243.5,840,29
243.6,840,29
243.7,840,29
243.8,840,29
243.9,840,29
244,840,29
244.1,840,29
244.2,840,29
244.3,840,29
244.4,840,29
244.5,120,29
244.6,120,27
244.7,120,27
244.8,120,27
244.9,120,28
245,120,28
245.1,120,28
245.2,120,28
245.3,120,28
245.4,120,28
245.5,0,28
245.6,0,28
245.7,0,28
245.8,0,28
245.9,0,28
246,0,28
246.1,0,28
246.2,0,28
246.3,0,28
246.4,0,28
246.5,0,28
246.6,0,28
246.7,0,28
246.8,0,28
246.9,0,27
247,0,27
247.1,0,28
247.2,0,28
247.3,0,28
247.4,0,28
247.5,0,28
247.6,0,28
247.7,0,28
247.8,0,27
247.9,0,27
248,0,27
248.1,0,27
248.2,0,27
248.3,0,27
248.4,0,27
248.5,0,27
248.6,0,27
248.7,0,27
248.8,0,27
248.9,0,27
249,0,27
249.1,0,27
249.2,0,27
249.3,0,27
249.4,0,27
249.5,0,27
249.6,0,27
249.7,0,27
249.8,0,27
249.9,0,26
250,0,26
250.1,0,27
250.2,0,27
250.3,0,27
250.4,0,27
250.5,0,27
250.6,0,27
250.7,0,27
250.8,0,27
250.9,0,27
251,0,27
251.1,0,27
251.2,0,27
251.3,0,27
251.4,0,27
251.5,0,27
251.6,0,26
251.7,0,26
251.8,0,26
251.9,0,26
252,0,26
252.1,0,26
252.2,0,26
252.3,0,26
252.4,0,26
252.5,0,26
252.6,0,26
252.7,0,26
252.8,0,26
252.9,0,26
253,0,26
253.1,0,26
253.2,0,26
253.3,0,26
253.4,0,26
253.5,0,26
253.6,0,26
253.7,0,25
253.8,0,25
253.9,0,26
254,0,26
254.1,0,26
254.2,0,26
254.3,0,25
254.4,0,25
254.5,0,25
254.6,0,26
254.7,0,26
254.8,0,26
254.9,0,26
255,0,26
255.1,0,26
255.2,0,26
255.3,0,26
255.4,0,26
255.5,0,26
255.6,0,26
255.7,0,25
255.8,0,25
255.9,0,25
256,0,25
256.1,0,25
256.2,0,25
256.3,0,25
256.4,0,25
256.5,0,25
256.6,0,25
256.7,0,25
256.8,0,25
256.9,0,25
257,0,25
257.1,0,25
257.2,0,25
257.3,0,25
257.4,0,25
257.5,0,25
257.6,0,25
257.7,0,25
257.8,0,25
257.9,0,25
258,0,25
258.1,0,25
258.2,0,25
258.3,0,25
258.4,0,25
258.5,0,25
258.6,0,25
258.7,0,25
258.8,0,25
258.9,0,25
259,0,25
259.1,0,25
259.2,0,25
259.3,0,25
259.4,0,25
259.5,0,24
259.6,0,24
259.7,0,24
259.8,0,24
259.9,0,24
260,0,24
260.1,0,24
260.2,0,24
260.3,0,24
260.4,0,24
260.5,0,24
260.6,0,24
260.7,0,24
260.8,0,24
260.9,0,24
261,0,24
261.1,0,24
261.2,0,24
261.3,0,24
261.4,0,24
261.5,0,24
261.6,0,24
261.7,0,24
261.8,0,24
261.9,0,24
262,0,24
262.1,0,24
262.2,0,24
262.3,0,24
262.4,0,24
262.5,0,24
262.6,0,24
262.7,0,24
262.8,0,24
262.9,0,24
263,0,24
263.1,0,24
263.2,0,24
263.3,0,24
263.4,0,24
263.5,0,24
263.6,0,24
263.7,0,23
263.8,0,23
263.9,0,23
264,0,23
264.1,0,23
264.2,0,23
264.3,0,23
264.4,0,23
264.5,0,23
264.6,0,23
264.7,0,23
264.8,0,23
264.9,0,23
265,0,23
265.1,0,23
265.2,0,23
265.3,0,23
265.4,0,23
265.5,0,23
265.6,0,23
265.7,0,23
265.8,0,23
265.9,0,23
266,0,23
266.1,0,23
266.2,0,23
266.3,0,23
266.4,0,23
266.5,0,23
266.6,0,23
266.7,0,23
266.8,0,23
266.9,0,23
267,0,23
267.1,0,23
267.2,0,23
267.3,0,23
267.4,0,23
267.5,0,23
267.6,0,23
267.7,0,23
267.8,0,23
267.9,0,23
268,0,23
268.1,0,23
268.2,0,23
268.3,0,23
268.4,0,23
268.5,0,23
268.6,0,23
268.7,0,23
268.8,0,23
268.9,0,23
269,0,23
269.1,0,23
269.2,0,23
269.3,0,23
269.4,0,23
269.5,0,23
269.6,0,23
269.7,0,23
269.8,0,23
269.9,0,23
270,0,23
270.1,0,23
270.2,0,22
270.3,0,22
270.4,0,22
270.5,0,22
270.6,0,22
270.7,0,22
270.8,0,22
270.9,0,22
271,0,22
271.1,0,22
271.2,0,22
271.3,0,22
271.4,0,22
271.5,0,22
271.6,0,22
271.7,0,22
271.8,0,22
271.9,0,22
272,0,22
272.1,0,22
272.2,0,22
272.3,0,22
272.4,0,22
272.5,0,22
272.6,0,22
272.7,0,22
272.8,0,22
272.9,0,22
273,0,22
273.1,0,22
273.2,0,22
273.3,0,22
273.4,0,22
273.5,0,22
273.6,0,22
273.7,0,22
273.8,0,22
273.9,0,22
274,0,22
274.1,0,22
274.2,0,22
274.3,0,22
274.4,120,22
274.5,120,21
274.6,120,21
274.7,120,21
274.8,120,21
274.9,120,21
275,120,21
275.1,120,21
275.2,120,21
275.3,1800,21
275.4,1800,22
275.5,1800,22
275.6,1800,23
275.7,1800,23
275.8,1800,23
275.9,1800,23
276,1800,25
276.1,1800,25
276.2,1800,25
276.3,3960,27
276.4,3960,28
276.5,3960,28
276.6,3960,30
276.7,3960,30
276.8,3960,31
276.9,3960,31
277,3960,31
277.1,3960,33
277.2,3960,33
277.3,3960,34
277.4,4200,35
277.5,4200,35
277.6,4200,35
277.7,4200,35
277.8,4200,35
277.9,4200,35
278,4200,35
278.1,4200,35
278.2,4200,35
278.3,720,35
278.4,720,35
278.5,720,35
278.6,720,35
278.7,720,35
278.8,720,35
278.9,720,35
279,720,35
279.1,720,35
279.2,720,35
279.3,240,35
279.4,240,35
279.5,240,35
279.6,240,35
279.7,240,34
279.8,240,35
279.9,240,35
280,240,34
280.1,240,34
280.2,240,34
280.3,0,34
280.4,0,34
280.5,0,34
280.6,0,34
280.7,0,34
280.8,0,34
280.9,0,34
281,0,34
281.1,0,34
281.2,0,34
281.3,0,34
281.4,0,34
281.5,0,34
281.6,0,34
281.7,0,34
281.8,0,34
281.9,0,34
282,0,34
282.1,0,34
282.2,0,34
282.3,0,34
282.4,0,34
282.5,0,34
282.6,0,34
282.7,0,33
282.8,0,33
282.9,0,33
283,0,33
283.1,0,33
283.2,0,33
283.3,0,33
283.4,0,33
283.5,0,33
283.6,0,33
283.7,0,33
283.8,0,33
283.9,0,33
284,0,33
284.1,0,32
284.2,0,33
284.3,0,33
284.4,0,33
284.5,0,33
284.6,0,33
284.7,0,32
284.8,0,33
284.9,0,33
285,0,33
285.1,0,33
285.2,0,33
285.3,0,33
285.4,0,32
285.5,0,32
285.6,0,32
285.7,0,32
285.8,0,32
285.9,0,32
286,0,32
286.1,0,32
286.2,0,32
286.3,0,32
286.4,0,32
286.5,0,32
286.6,0,32
286.7,0,32
286.8,0,32
286.9,0,32
287,0,31
287.1,0,31
287.2,0,32
287.3,0,32
287.4,0,32
287.5,0,32
287.6,0,32
287.7,0,32
287.8,0,32
287.9,0,32
288,0,32
288.1,0,32
288.2,0,32
288.3,0,32
288.4,0,32
288.5,0,32
288.6,0,32
288.7,0,32
288.8,0,31
288.9,0,31
289,0,31
289.1,0,31
289.2,0,31
289.3,0,31
289.4,0,31
289.5,0,31
289.6,0,31
289.7,0,31
289.8,0,31
289.9,0,31
290,0,31
290.1,0,31
290.2,0,31
290.3,0,31
290.4,0,31
290.5,0,31
290.6,0,31
290.7,0,31
290.8,0,31
290.9,0,31
291,0,31
291.1,0,15
291.2,0,15
291.3,0,31
291.4,0,31
291.5,0,31
291.6,0,30
291.7,0,30
291.8,0,30
291.9,0,30
292,0,30
292.1,0,15
292.2,0,15
292.3,0,30
292.4,0,30
292.5,0,30
292.6,0,30
292.7,0,30
292.8,0,30
292.9,0,30
293,0,14
293.1,0,30
293.2,0,30
293.3,0,30
293.4,0,30
293.5,0,30
293.6,0,30
293.7,0,30
293.8,0,30
293.9,0,30
294,0,30
294.1,0,30
294.2,0,30
294.3,0,30
294.4,0,30
294.5,0,30
294.6,0,30
294.7,0,30
294.8,0,30
294.9,0,29
295,0,29
295.1,0,30
295.2,0,30
295.3,0,30
295.4,0,29
295.5,0,29
295.6,0,29
295.7,0,29
295.8,0,29
295.9,0,29
296,0,29
296.1,0,29
296.2,0,29
296.3,0,29
296.4,0,29
296.5,0,29
296.6,0,29
296.7,0,29
296.8,0,29
296.9,0,29
297,0,29
297.1,0,29
297.2,0,29
297.3,0,29
297.4,0,29
297.5,0,29
297.6,0,29
297.7,0,29
297.8,0,29
297.9,0,29
298,0,29
298.1,0,29
298.2,0,29
298.3,0,29
298.4,0,29
298.5,0,29
298.6,0,29
298.7,0,29
298.8,0,29
298.9,0,29
299,0,29
299.1,0,29
299.2,0,29
299.3,0,29
299.4,0,29
299.5,0,29
299.6,0,28
299.7,0,28
299.8,0,28
299.9,0,28
300,0,28
300.1,0,28
300.2,0,28
300.3,0,28
300.4,0,28
300.5,0,28
300.6,0,28
300.7,0,28
300.8,0,28
300.9,0,28
301,0,28
301.1,0,28
301.2,0,28
301.3,0,28
301.4,0,28
301.5,0,28
301.6,0,28
301.7,0,28
301.8,0,28
301.9,0,28
302,0,28
302.1,0,28
302.2,0,28
302.3,0,28
302.4,0,28
302.5,0,28
302.6,0,28
302.7,0,28
302.8,0,28
302.9,0,28
303,0,28
303.1,0,28
303.2,0,28
303.3,0,28
303.4,0,28
303.5,0,28
303.6,0,28
303.7,0,27
303.8,0,27
303.9,0,27
304,0,28
304.1,0,27
304.2,0,27
304.3,0,27
304.4,0,27
304.5,0,27
304.6,0,27
304.7,0,27
304.8,0,27
304.9,0,27
305,0,27
305.1,0,27
305.2,0,27
305.3,0,27
305.4,0,27
305.5,0,27
305.6,0,27
305.7,0,27
305.8,0,27
305.9,0,27
306,0,27
306.1,0,27
306.2,0,27
306.3,0,27
306.4,0,27
306.5,0,27
306.6,0,27
306.7,0,27
306.8,0,27
306.9,0,27
307,0,27
307.1,0,27
307.2,0,27
307.3,0,27
307.4,0,27
307.5,0,26
307.6,0,26
307.7,0,26
307.8,0,27
307.9,0,27
308,0,27
308.1,0,27
308.2,0,27
308.3,0,27
308.4,0,27
308.5,0,27
308.6,0,27
308.7,0,26
308.8,0,26
308.9,0,26
309,0,26
309.1,0,26
309.2,0,25
309.3,0,25
309.4,0,26
309.5,0,26
309.6,0,26
309.7,0,26
309.8,0,26
309.9,0,26
310,0,26
310.1,0,26
310.2,0,26
310.3,0,26
310.4,0,26
310.5,0,26
310.6,0,26
310.7,0,26
310.8,0,26
310.9,0,26
311,0,26
311.1,0,26
311.2,0,26
311.3,0,26
311.4,0,26
311.5,0,26
311.6,0,26
311.7,0,26
311.8,0,26
311.9,0,26
312,0,26
312.1,0,26
312.2,0,26
312.3,0,26
312.4,0,26
312.5,0,26
312.6,0,26
312.7,0,26
312.8,0,26
312.9,0,26
313,0,26
313.1,0,26
313.2,0,26
313.3,0,26
313.4,0,25
313.5,0,25
313.6,0,25
313.7,0,25
313.8,0,25
313.9,0,25
314,0,25
314.1,0,25
314.2,0,25
314.3,0,25
314.4,0,25
314.5,0,25
314.6,0,25
314.7,0,25
314.8,0,25
314.9,0,25
315,0,25
315.1,0,25
315.2,0,25
315.3,0,25
315.4,0,25
315.5,0,25
315.6,0,25
315.7,0,25
315.8,0,25
315.9,0,25
316,0,25
316.1,0,25
316.2,0,25
316.3,0,25
316.4,0,25
316.5,0,25
316.6,0,25
316.7,0,25
316.8,0,25
316.9,0,25
317,0,25
317.1,0,25
317.2,0,25
317.3,0,25
317.4,0,25
317.5,0,25
317.6,0,25
317.7,0,25
317.8,0,25
317.9,0,24
318,0,24
318.1,0,24
318.2,0,24
318.3,0,24
318.4,0,24
318.5,0,24
318.6,0,24
318.7,0,24
318.8,0,24
318.9,0,24
319,0,24
319.1,0,24
319.2,0,24
319.3,0,24
319.4,0,24
319.5,0,24
319.6,0,24
319.7,0,24
319.8,0,24
319.9,0,24
320,0,24
320.1,0,24
320.2,0,24
320.3,0,24
320.4,0,24
320.5,0,24
320.6,0,24
320.7,0,24
320.8,0,24
320.9,0,24
321,0,23
321.1,0,23
321.2,0,23
321.3,0,24
321.4,0,24
321.5,0,24
321.6,0,23
321.7,0,23
321.8,0,23
321.9,0,23
322,0,23
322.1,0,23
322.2,0,23
322.3,0,23
322.4,0,23
322.5,0,23
322.6,0,23
322.7,0,23
322.8,0,23
322.9,0,23
323,0,23
323.1,0,23
323.2,0,23
323.3,0,23
323.4,0,23
323.5,0,23
323.6,0,23
323.7,0,23
323.8,0,23
323.9,0,23
324,0,23
324.1,0,23
324.2,0,23
324.3,0,23
324.4,0,23
324.5,0,23
324.6,0,23
324.7,0,23
324.8,0,23
324.9,0,22
325,0,22
325.1,0,22
325.2,0,22
325.3,0,22
325.4,0,22
325.5,0,22
325.6,0,22
325.7,0,22
325.8,0,22
325.9,0,22
326,0,22
326.1,0,22
326.2,0,22
326.3,0,22
326.4,0,22
326.5,0,22
326.6,0,22
326.7,0,22
326.8,0,22
326.9,0,22
327,0,22
327.1,0,22
327.2,0,22
327.3,0,22
327.4,0,22
327.5,0,22
327.6,0,22
327.7,0,22
327.8,0,22
327.9,0,22
328,0,22
328.1,0,22
328.2,0,22
328.3,0,22
328.4,0,22
328.5,0,22
328.6,0,22
328.7,0,22
328.8,0,22
328.9,0,22
329,0,22
329.1,0,22
329.2,0,22
329.3,0,22
329.4,0,22
329.5,0,22
329.6,0,22
329.7,0,22
329.8,0,22
329.9,0,22
330,0,22
330.1,0,22
330.2,0,21
330.3,0,21
330.4,0,21
330.5,0,21
330.6,0,21
330.7,0,21
330.8,0,22
330.9,0,22
331,0,22
331.1,0,22
331.2,0,22
331.3,0,22
331.4,0,10
331.5,0,10
331.6,0,10
331.7,0,22
331.8,0,22
331.9,0,21
332,0,21
332.1,0,21
332.2,0,21
332.3,0,21
332.4,0,21
332.5,0,21
332.6,0,21
332.7,0,21
332.8,0,17
332.9,0,17
333,0,17
333.1,0,17
333.2,0,17
333.3,0,17
333.4,0,17
333.5,0,17
333.6,0,17
333.7,0,17
333.8,0,17
333.9,0,17
334,0,17
334.1,0,17
334.2,0,17
334.3,0,17
334.4,0,17
334.5,0,16
334.6,0,16
334.7,0,16
334.8,0,16
334.9,0,16
335,0,16
335.1,0,16
335.2,0,16
335.3,0,16
335.4,0,16
335.5,0,16
335.6,0,16
335.7,0,16
335.8,0,16
335.9,0,16
336,0,16
336.1,0,16
336.2,0,16
336.3,0,16
336.4,0,16
336.5,0,16
336.6,0,16
336.7,0,16
336.8,0,16
336.9,0,16
337,0,16
337.1,0,16
337.2,0,16
337.3,0,16
337.4,0,16
337.5,0,16
337.6,0,16
337.7,0,16
337.8,0,16
337.9,0,16
338,0,16
338.1,0,16
338.2,0,16
338.3,0,16
338.4,0,16
338.5,0,16
338.6,0,16
338.7,0,16
338.8,0,15
338.9,0,15
339,0,15
339.1,0,15
339.2,0,15
339.3,0,15
339.4,0,15
339.5,0,15
339.6,0,15
339.7,0,15
339.8,0,15
339.9,0,15
340,0,15
340.1,0,15
340.2,0,15
340.3,0,15
340.4,0,15
340.5,0,15
340.6,0,15
340.7,0,15
340.8,0,15
340.9,0,15
341,0,15
341.1,0,15
341.2,0,15
341.3,0,15
341.4,0,15
341.5,0,15
341.6,0,15
341.7,0,15
341.8,0,15
341.9,0,15
342,0,15
342.1,0,15
342.2,0,15
342.3,0,15
342.4,0,15
342.5,840,15
342.6,840,15
342.7,840,15
342.8,840,15
342.9,840,15
343,840,15
343.1,840,15
343.2,840,15
343.3,840,15
343.4,3000,18
343.5,3000,18
343.6,3000,18
343.7,3000,20
343.8,3000,20
343.9,3000,23
344,3000,23
344.1,3000,23
344.2,3000,25
344.3,3000,25
344.4,3960,27
344.5,3960,27
344.6,3960,27
344.7,3960,29
344.8,3960,29
344.9,3960,30
345,3960,30
345.1,3960,30
345.2,3960,31
345.3,3960,31
345.4,3960,31
345.5,1920,31
345.6,1920,31
345.7,1920,31
345.8,1920,31
345.9,1920,31
346,1920,31
346.1,1920,31
346.2,1920,31
346.3,1920,31
346.4,480,31
346.5,480,30
346.6,480,30
346.7,480,30
346.8,480,30
346.9,480,30
347,480,15
347.1,480,15
347.2,480,15
347.3,480,30
347.4,0,30
347.5,0,30
347.6,0,30
347.7,0,30
347.8,0,30
347.9,0,30
348,0,30
348.1,0,30
348.2,0,30
348.3,0,30
348.4,0,30
348.5,0,30
348.6,0,30
348.7,0,30
348.8,0,30
348.9,0,30
349,0,30
349.1,0,30
349.2,0,30
349.3,0,29
349.4,0,29
349.5,0,29
349.6,0,29
349.7,0,29
349.8,0,29
349.9,0,29
350,0,29
350.1,0,29
350.2,0,29
350.3,0,29
350.4,0,29
350.5,0,29
350.6,0,29
350.7,0,29
350.8,0,29
350.9,0,29
351,0,29
351.1,0,29
351.2,0,29
351.3,0,29
351.4,0,29
351.5,0,29
351.6,0,29
351.7,0,29
351.8,0,28
351.9,0,28
352,0,28
352.1,0,28
352.2,0,28
352.3,0,28
352.4,0,28
352.5,0,28
352.6,0,28
352.7,0,28
352.8,0,28
352.9,0,28
353,0,28
353.1,0,28
353.2,0,28
353.3,0,28
353.4,0,28
353.5,0,28
353.6,0,28
353.7,0,28
353.8,0,28
353.9,0,28
354,0,28
354.1,0,28
354.2,0,28
354.3,0,28
354.4,0,28
354.5,0,28
354.6,0,28
354.7,0,28
354.8,0,28
354.9,0,27
355,0,27
355.1,0,27
355.2,0,27
355.3,0,27
355.4,0,27
355.5,0,27
355.6,0,27
355.7,0,27
355.8,0,27
355.9,0,27
356,0,27
356.1,0,27
356.2,0,27
356.3,0,27
356.4,0,27
356.5,0,27
356.6,0,27
356.7,0,27
356.8,0,27
356.9,0,27
357,0,27
357.1,0,27
357.2,0,27
357.3,0,27
357.4,0,27
357.5,0,27
357.6,0,26
357.7,0,26
357.8,0,26
357.9,0,26
358,0,26
358.1,0,26
358.2,0,26
358.3,0,26
358.4,0,26
358.5,0,26
358.6,0,26
358.7,0,26
358.8,0,26
358.9,0,26
359,0,26
359.1,0,26
359.2,0,26
359.3,0,26
359.4,0,26
359.5,0,26
359.6,0,26
359.7,0,26
359.8,0,26
359.9,0,25
360,0,25
360.1,0,25
360.2,0,25
360.3,0,25
360.4,0,25
360.5,0,25
360.6,0,25
360.7,0,25
360.8,0,25
360.9,0,25
361,0,25
361.1,0,25
361.2,0,25
361.3,0,25
361.4,0,25
361.5,0,25
361.6,0,25
361.7,0,25
361.8,0,25
361.9,0,25
362,0,25
362.1,0,25
362.2,0,25
362.3,0,25
362.4,0,25
362.5,0,25
362.6,0,25
362.7,0,25
362.8,0,25
362.9,0,25
363,0,25
363.1,0,25
363.2,0,25
363.3,0,24
363.4,0,24
363.5,0,24
363.6,0,24
363.7,0,24
363.8,0,24
363.9,0,24
364,0,24
364.1,0,24
364.2,0,24
364.3,0,24
364.4,0,24
364.5,0,24
364.6,0,24
364.7,0,24
364.8,0,24
364.9,0,24
365,0,24
365.1,0,24
365.2,0,24
365.3,0,24
365.4,0,24
365.5,0,24
365.6,0,24
365.7,0,24
365.8,0,24
365.9,0,24
366,0,23
366.1,0,23
366.2,0,23
366.3,0,23
366.4,0,23
366.5,0,23
366.6,0,23
366.7,0,23
366.8,0,23
366.9,0,23
367,0,23
367.1,0,23
367.2,0,23
367.3,0,23
367.4,0,23
367.5,0,23
367.6,0,23
367.7,0,23
367.8,0,23
367.9,0,23
368,0,23
368.1,0,23
368.2,0,23
368.3,0,23
368.4,0,23
368.5,0,23
368.6,0,23
368.7,0,23
368.8,0,23
368.9,0,23
369,0,23
369.1,0,23
369.2,0,23
369.3,0,23
369.4,0,22
369.5,0,22
369.6,0,22
369.7,0,22
369.8,0,22
369.9,0,22
370,0,22
370.1,0,22
370.2,0,22
370.3,0,22
370.4,0,22
370.5,0,22
370.6,0,22
370.7,0,22
370.8,0,22
370.9,0,22
371,0,22
371.1,0,22
371.2,0,22
371.3,0,22
371.4,0,22
371.5,0,22
371.6,0,22
371.7,0,22
371.8,0,22
371.9,0,22
372,0,22
372.1,0,22
372.2,0,22
372.3,0,22
372.4,0,22
372.5,0,21
372.6,0,21
372.7,0,21
372.8,0,21
372.9,0,21
373,0,21
373.1,0,21
373.2,0,21
373.3,0,21
373.4,0,21
373.5,0,21
373.6,0,21
373.7,0,21
373.8,0,21
373.9,0,21
374,0,21
374.1,0,21
374.2,0,21
374.3,0,21
374.4,0,21
374.5,0,21
374.6,0,21
374.7,0,21
374.8,0,21
374.9,0,21
375,0,21
375.1,0,21
375.2,0,20
375.3,960,20
375.4,960,20
375.5,960,20
375.6,960,20
375.7,960,20
375.8,960,20
375.9,960,21
376,960,21
376.1,960,21
376.2,960,23
376.3,3480,23
376.4,3480,25
376.5,3480,25
376.6,3480,27
376.7,3480,27
376.8,3480,27
376.9,3480,29
377,3480,29
377.1,3480,30
377.2,3480,30
377.3,3360,31
377.4,3360,31
377.5,3360,31
377.6,3360,31
377.7,3360,31
377.8,3360,31
377.9,3360,31
378,3360,31
378.1,3360,31
378.2,3360,31
378.3,720,31
378.4,720,31
378.5,720,31
378.6,720,31
378.7,720,31
378.8,720,30
378.9,720,30
379,720,30
379.1,720,30
379.2,720,30
379.3,120,15
379.4,120,15
379.5,120,15
379.6,120,31
379.7,120,31
379.8,120,30
379.9,120,30
380,120,30
380.1,120,30
380.2,120,30
380.3,0,30
380.4,0,30
380.5,0,30
380.6,0,30
380.7,0,30
380.8,0,30
380.9,0,30
381,0,30
381.1,0,30
381.2,0,30
381.3,0,30
381.4,0,30
381.5,0,30
381.6,0,30
381.7,0,30
381.8,0,29
381.9,0,30
382,0,30
382.1,0,30
382.2,0,30
382.3,0,30
382.4,0,30
382.5,0,30
382.6,0,30
382.7,0,30
382.8,0,29
382.9,0,29
383,0,29
383.1,0,29
383.2,0,29
383.3,0,29
383.4,0,29
383.5,0,29
383.6,0,29
383.7,0,29
383.8,0,29
383.9,0,29
384,0,29
384.1,0,29
384.2,0,14
384.3,0,14
384.4,0,29
384.5,0,29
384.6,0,28
384.7,0,28
384.8,0,28
384.9,0,28
385,0,28
385.1,0,28
385.2,0,28
385.3,0,28
385.4,0,28
385.5,0,28
385.6,0,28
385.7,0,28
385.8,0,28
385.9,0,28
386,0,28
386.1,0,27
386.2,0,28
386.3,0,28
386.4,0,28
386.5,0,28
386.6,0,28
386.7,0,27
386.8,0,27
386.9,0,27
387,0,27
387.1,0,27
387.2,0,28
387.3,0,28
387.4,0,28
387.5,0,28
387.6,0,28
387.7,0,28
387.8,0,28
387.9,0,28
388,0,28
388.1,0,27
388.2,0,27
388.3,0,27
388.4,0,27
388.5,0,27
388.6,0,27
388.7,0,27
388.8,0,27
388.9,0,27
389,0,27
389.1,0,27
389.2,0,27
389.3,0,27
389.4,0,27
389.5,0,27
389.6,0,27
389.7,0,27
389.8,0,27
389.9,0,27
390,0,27
390.1,0,27
390.2,0,27
390.3,0,27
390.4,0,27
390.5,0,26
390.6,0,26
390.7,0,26
390.8,0,26
390.9,0,25
391,0,25
391.1,0,25
391.2,0,26
391.3,0,26
391.4,0,26
391.5,0,26
391.6,0,26
391.7,0,26
391.8,0,26
391.9,0,26
392,0,26
392.1,0,26
392.2,0,26
392.3,0,26
392.4,0,26
392.5,0,26
392.6,0,26
392.7,0,26
392.8,0,26
392.9,0,26
393,0,26
393.1,0,26
393.2,0,26
393.3,0,26
393.4,0,26
393.5,0,26
393.6,0,26
393.7,0,25
393.8,0,25
393.9,0,25
394,0,25
394.1,0,25
394.2,0,25
394.3,0,25
394.4,0,25
394.5,0,25
394.6,0,25
394.7,0,25
394.8,0,25
394.9,0,25
395,0,25
395.1,0,25
395.2,0,24
395.3,0,24
395.4,0,24
395.5,0,24
395.6,0,25
395.7,0,25
395.8,0,25
395.9,0,25
396,0,25
396.1,0,25
396.2,0,12
396.3,0,12
396.4,0,12
396.5,0,25
396.6,0,25
396.7,0,25
396.8,0,25
396.9,0,25
397,0,24
397.1,0,24
397.2,0,24
397.3,0,24
397.4,0,24
397.5,0,24
397.6,0,24
397.7,0,24
397.8,0,24
397.9,0,12
398,0,12
398.1,0,24
398.2,0,24
398.3,0,24
398.4,0,24
398.5,0,24
398.6,0,24
398.7,0,24
398.8,0,24
398.9,0,24
399,0,24
399.1,0,24
399.2,0,24
399.3,0,24
399.4,0,24
399.5,0,24
399.6,0,24
399.7,0,24
399.8,0,24
399.9,0,24
400,0,24
400.1,0,24
400.2,0,24
400.3,0,24
400.4,0,24
400.5,0,24
400.6,0,24
400.7,0,24
400.8,0,23
400.9,0,23
401,0,23
401.1,0,23
401.2,0,23
401.3,0,23
401.4,0,23
401.5,0,23
401.6,0,11
401.7,0,11
401.8,0,23
401.9,0,23
402,0,23
402.1,0,23
402.2,0,23
402.3,0,23
402.4,0,23
402.5,0,23
402.6,0,23
402.7,0,23
402.8,0,23
402.9,0,23
403,0,23
403.1,0,23
403.2,0,23
403.3,0,23
403.4,0,23
403.5,0,23
403.6,0,23
403.7,0,23
403.8,0,22
403.9,0,22
404,0,22
404.1,0,22
404.2,0,22
404.3,0,22
404.4,0,22
404.5,0,22
404.6,0,22
404.7,0,22
404.8,0,22
404.9,0,22
405,0,22
405.1,0,22
405.2,0,22
405.3,0,22
405.4,0,22
405.5,0,22
405.6,0,22
405.7,0,22
405.8,0,22
405.9,0,22
406,0,22
406.1,0,22
406.2,0,22
406.3,0,22
406.4,0,22
406.5,0,22
406.6,0,22
406.7,0,22
406.8,0,21
406.9,0,21
407,0,21
407.1,0,21
407.2,0,21
407.3,0,21
407.4,0,21
407.5,0,21
407.6,0,21
407.7,0,21
407.8,0,21
407.9,0,21
408,0,21
408.1,0,21
408.2,0,21
408.3,0,21
408.4,0,21
408.5,0,21
408.6,0,21
408.7,0,21
408.8,0,21
408.9,0,21
409,0,21
409.1,0,21
409.2,0,21
409.3,0,21
409.4,0,21
409.5,0,21
409.6,0,21
409.7,0,21
409.8,0,21
409.9,0,21
410,0,21
410.1,0,21
410.2,0,21
410.3,0,21
410.4,0,21
410.5,0,21
410.6,0,21
410.7,0,21
410.8,0,21
410.9,0,21
411,0,21
411.1,0,21
411.2,0,21
411.3,0,21
411.4,0,21
411.5,0,21
411.6,0,21
411.7,0,21
411.8,0,21
411.9,0,21
412,0,20
412.1,0,20
412.2,0,20
412.3,0,20
412.4,0,20
412.5,0,20
412.6,0,20
412.7,0,20
412.8,0,20
412.9,0,20
413,0,20
413.1,0,20
413.2,0,20
413.3,0,20
413.4,0,20
413.5,0,20
413.6,0,20
413.7,0,20
413.8,0,20
413.9,0,19
414,0,19
414.1,0,20
414.2,0,20
414.3,0,20
414.4,0,20
414.5,0,19
414.6,0,19
414.7,0,19
414.8,0,19
414.9,0,19
415,0,19
415.1,0,20
415.2,0,20
415.3,0,20
415.4,0,20
415.5,0,20
415.6,0,20
415.7,0,20
415.8,0,19
415.9,0,19
416,0,19
416.1,0,19
416.2,0,19
416.3,0,19
416.4,0,19
416.5,0,19
416.6,0,19
416.7,0,19
416.8,0,19
416.9,0,19
417,0,19
417.1,0,19
417.2,0,19
417.3,0,19
417.4,0,19
417.5,0,19
417.6,0,19
417.7,0,19
417.8,0,19
417.9,0,19
418,0,19
418.1,0,19
418.2,0,19
418.3,0,19
418.4,0,19
418.5,0,19
418.6,0,19
418.7,0,19
418.8,0,19
418.9,0,19
419,0,19
419.1,0,19
419.2,0,19
419.3,0,19
419.4,0,19
419.5,0,19
419.6,0,19
419.7,0,19
419.8,0,19
419.9,0,19
420,0,19
420.1,0,18
420.2,0,18
420.3,0,18
420.4,0,18
420.5,0,18
420.6,0,18
420.7,0,18
420.8,0,18
420.9,0,18
421,0,18
421.1,0,18
421.2,0,18
421.3,0,18
421.4,0,18
421.5,0,18
421.6,0,18
421.7,0,18
421.8,0,18
421.9,0,18
422,0,18
422.1,0,18
422.2,0,18
422.3,0,18
422.4,0,18
422.5,0,18
422.6,0,18
422.7,0,18
422.8,0,18
422.9,0,17
423,0,17
423.1,0,17
423.2,0,17
423.3,0,18
423.4,0,18
423.5,0,18
423.6,0,18
423.7,0,18
423.8,0,18
423.9,0,18
424,0,18
424.1,0,18
424.2,0,18
424.3,0,18
424.4,0,17
424.5,0,17
424.6,0,17
424.7,0,17
424.8,0,18
424.9,0,18
425,0,18
425.1,0,18
425.2,0,18
425.3,0,18
425.4,0,18
425.5,0,18
425.6,0,18
425.7,0,18
425.8,0,17
425.9,0,17
426,0,17
426.1,0,17
426.2,0,17
426.3,0,17
426.4,0,17
426.5,0,17
426.6,0,17
426.7,0,17
426.8,0,17
426.9,0,17
427,0,17
427.1,0,17
427.2,0,17
427.3,0,17
427.4,0,17
427.5,0,17
427.6,0,17
427.7,0,17
427.8,0,17
427.9,0,17
428,0,17
428.1,0,17
428.2,0,17
428.3,0,17
428.4,0,17
428.5,0,17
428.6,0,17
428.7,0,17
428.8,0,17
428.9,0,17
429,0,17
429.1,0,17
429.2,0,17
429.3,0,17
429.4,0,17
429.5,0,17
429.6,0,17
429.7,0,17
429.8,0,17
429.9,0,17
430,0,17
430.1,0,17
430.2,0,17
430.3,0,17
430.4,0,17
430.5,0,17
430.6,0,17
430.7,0,17
430.8,0,17
430.9,0,17
431,0,17
431.1,0,17
431.2,0,17
431.3,0,17
431.4,0,17
431.5,0,17
431.6,0,17
431.7,0,17
431.8,0,16
431.9,0,16
432,0,16
432.1,0,16
432.2,0,17
432.3,0,17
432.4,0,17
432.5,0,17
432.6,0,16
432.7,0,16
432.8,0,16
432.9,0,16
433,0,16
433.1,0,16
433.2,0,16
433.3,0,16
433.4,0,16
433.5,0,16
433.6,0,16
433.7,0,16
433.8,0,16
433.9,0,16
434,0,16
434.1,0,16
434.2,0,16
434.3,0,16
434.4,0,16
434.5,0,16
434.6,0,16
434.7,0,16
434.8,0,16
434.9,0,16
435,0,16
435.1,0,16
435.2,0,16
435.3,0,8
435.4,0,8
435.5,0,8
435.6,0,8
435.7,0,8
435.8,0,16
435.9,0,16
436,0,16
436.1,0,16
436.2,0,16
436.3,0,16
436.4,0,16
436.5,0,16
436.6,0,16
436.7,0,16
436.8,0,16
436.9,0,16
437,0,16
437.1,0,16
437.2,0,16
437.3,0,16
437.4,0,15
437.5,0,15
437.6,0,15
437.7,0,15
437.8,0,15
437.9,0,15
438,0,15
438.1,0,15
438.2,0,15
438.3,0,15
438.4,0,15
438.5,0,15
438.6,0,15
438.7,0,15
438.8,0,15
438.9,0,15
439,0,15
439.1,0,15
439.2,0,15
439.3,0,15
439.4,0,15
439.5,0,15
439.6,0,15
439.7,0,15
439.8,0,15
439.9,0,15
440,0,15
440.1,0,15
440.2,0,15
440.3,0,15
440.4,0,15
440.5,0,15
440.6,0,15
440.7,0,15
440.8,0,15
440.9,0,15
441,0,15
441.1,0,15
441.2,0,15
441.3,0,15
441.4,0,15
441.5,0,15
441.6,0,15
441.7,0,15
441.8,0,15
441.9,0,15
442,0,15
442.1,0,15
442.2,0,15
442.3,0,15
442.4,0,15
442.5,0,15
442.6,0,15
442.7,0,15
442.8,0,15
442.9,0,15
443,0,15
443.1,0,15
443.2,0,15
443.3,0,15
443.4,0,15
443.5,0,15
443.6,0,15
443.7,0,15
443.8,0,15
443.9,0,15
444,0,15
444.1,0,14
444.2,0,14
444.3,0,14
444.4,0,14
444.5,0,14
444.6,0,14
444.7,0,14
444.8,0,14
444.9,0,14
445,0,14
445.1,0,14
445.2,0,14
445.3,0,14
445.4,0,14
445.5,0,14
445.6,0,14
445.7,0,14
445.8,0,14
445.9,0,14
446,0,14
446.1,0,14
446.2,0,14
446.3,0,14
446.4,0,14
446.5,0,14
446.6,0,14
446.7,0,14
446.8,0,14
446.9,0,14
447,360,14
447.1,360,14
447.2,360,14
447.3,360,14
447.4,360,14
447.5,360,14
447.6,360,14
447.7,360,14
447.8,360,14
447.9,360,14
448,2640,14
448.1,2640,16
448.2,2640,16
448.3,2640,16
448.4,2640,19
448.5,2640,19
448.6,2640,19
448.7,2640,21
448.8,2640,21
448.9,2640,23
449,3480,23
449.1,3480,23
449.2,3480,23
449.3,3480,25
449.4,3480,25
449.5,3480,27
449.6,3480,28
449.7,3480,28
449.8,3480,28
449.9,3480,28
450,1920,28
450.1,1920,28
450.2,1920,28
450.3,1920,28
450.4,1920,28
450.5,1920,28
450.6,1920,28
450.7,1920,28
450.8,1920,28
450.9,1920,28
451,480,28
451.1,480,28
451.2,480,28
451.3,480,28
451.4,480,28
451.5,480,28
451.6,480,28
451.7,480,28
451.8,480,28
451.9,480,28
452,0,28
452.1,0,28
452.2,0,28
452.3,0,28
452.4,0,27
452.5,0,27
452.6,0,27
452.7,0,28
452.8,0,28
452.9,0,28
453,0,28
453.1,0,28
453.2,0,28
453.3,0,28
453.4,0,27
453.5,0,27
453.6,0,27
453.7,0,27
453.8,0,27
453.9,0,27
454,0,27
454.1,0,27
454.2,0,27
454.3,0,27
454.4,0,27
454.5,0,27
454.6,0,27
454.7,0,27
454.8,0,27
454.9,0,27
455,0,27
455.1,0,27
455.2,0,27
455.3,0,27
455.4,0,27
455.5,0,27
455.6,0,27
455.7,0,27
455.8,0,27
455.9,0,27
456,0,26
456.1,0,26
456.2,0,26
456.3,0,26
456.4,0,26
456.5,0,26
456.6,0,26
456.7,0,26
456.8,0,26
456.9,0,26
457,0,26
457.1,0,26
457.2,0,26
457.3,0,26
457.4,0,26
457.5,0,26
457.6,0,26
457.7,0,26
457.8,0,26
457.9,0,26
458,0,26
458.1,0,8
458.2,0,8
458.3,0,8
458.4,0,26
458.5,0,26
458.6,0,26
458.7,0,26
458.8,0,26
458.9,0,25
459,0,25
459.1,0,25
459.2,0,26
459.3,0,26
459.4,0,26
459.5,0,26
459.6,0,26
459.7,0,25
459.8,0,25
459.9,0,25
460,0,25
460.1,0,25
460.2,0,25
460.3,0,25
460.4,0,25
460.5,0,25
460.6,0,25
460.7,0,25
460.8,0,25
460.9,0,25
461,0,25
461.1,0,25
461.2,0,25
461.3,0,25
461.4,0,25
461.5,0,25
461.6,0,25
461.7,0,12
461.8,0,12
461.9,0,25
462,0,25
462.1,0,25
462.2,0,25
462.3,0,25
462.4,0,25
462.5,0,25
462.6,0,25
462.7,0,12
462.8,0,12
462.9,0,12
463,0,24
463.1,0,24
463.2,0,25
463.3,0,25
463.4,0,25
463.5,0,25
463.6,0,25
463.7,0,25
463.8,0,24
463.9,0,24
464,0,24
464.1,0,24
464.2,0,25
464.3,0,25
464.4,0,25
464.5,0,25
464.6,0,24
464.7,0,24
464.8,0,24
464.9,0,24
465,0,24
465.1,0,24
465.2,0,24
465.3,0,12
465.4,0,12
465.5,0,12
465.6,0,12
465.7,0,23
465.8,0,23
465.9,0,23
466,0,23
466.1,0,12
466.2,0,12
466.3,0,12
466.4,0,24
466.5,0,24
466.6,0,24
466.7,0,24
466.8,0,24
466.9,0,24
467,0,24
467.1,0,24
467.2,0,23
467.3,0,23
467.4,0,23
467.5,0,24
467.6,0,24
467.7,0,24
467.8,0,23
467.9,0,23
468,0,24
468.1,0,24
468.2,0,24
468.3,0,24
468.4,0,24
468.5,0,24
468.6,0,23
468.7,0,23
468.8,0,23
468.9,0,23
469,0,23
469.1,0,23
469.2,0,23
469.3,0,23
469.4,0,23
469.5,0,23
469.6,0,23
469.7,0,23
469.8,0,23
469.9,0,23
470,0,23
470.1,0,23
470.2,0,23
470.3,0,23
470.4,0,23
470.5,0,11
470.6,0,11
470.7,0,11
470.8,0,11
470.9,0,23
471,0,23
471.1,0,23
471.2,0,23
471.3,0,23
471.4,0,23
471.5,0,23
471.6,0,23
471.7,0,23
471.8,0,23
471.9,0,23
472,0,23
472.1,0,23
472.2,0,23
472.3,0,23
472.4,0,23
472.5,0,23
472.6,0,23
472.7,0,23
472.8,0,23
472.9,0,23
473,0,23
473.1,0,23
473.2,0,23
473.3,0,22
473.4,0,22
473.5,0,22
473.6,0,22
473.7,0,22
473.8,0,22
473.9,0,22
474,0,22
474.1,0,22
474.2,0,22
474.3,0,22
474.4,0,22
474.5,0,10
474.6,0,10
474.7,0,22
474.8,0,22
474.9,0,22
475,0,22
475.1,0,22
475.2,0,22
475.3,0,22
475.4,0,22
475.5,0,22
475.6,0,22
475.7,0,22
475.8,0,22
475.9,0,22
476,0,22
476.1,0,22
476.2,0,22
476.3,0,22
476.4,0,22
476.5,0,22
476.6,0,22
476.7,0,22
476.8,0,10
476.9,0,10
477,0,22
477.1,0,22
477.2,0,22
477.3,0,22
477.4,0,22
477.5,0,22
477.6,0,22
477.7,0,22
477.8,0,22
477.9,0,22
478,0,21
478.1,0,21
478.2,0,22
478.3,0,22
478.4,0,22
478.5,0,22
478.6,0,21
478.7,0,21
478.8,0,21
478.9,0,21
479,0,21
479.1,0,21
479.2,0,21
479.3,0,21
479.4,0,22
479.5,0,22
479.6,0,22
479.7,0,21
479.8,720,21
479.9,720,21
480,720,21
480.1,720,21
480.2,720,21
480.3,720,21
480.4,720,21
480.5,720,23
480.6,720,23
480.7,720,23
480.8,3480,24
480.9,3480,24
481,3480,24
481.1,3480,24
481.2,3480,26
481.3,3480,28
481.4,3480,28
481.5,3480,30
481.6,3480,30
481.7,3480,31
481.8,4680,31
481.9,4680,31
482,4680,32
482.1,4680,34
482.2,4680,34
482.3,4680,35
482.4,4680,35
482.5,4680,35
482.6,4680,35
482.7,4680,35
482.8,1440,35
482.9,1440,35
483,1440,35
483.1,1440,35
483.2,1440,35
483.3,1440,35
483.4,1440,35
483.5,1440,35
483.6,1440,35
483.7,1440,35
483.8,1440,35
483.9,480,35
484,480,35
484.1,480,35
484.2,480,34
484.3,480,34
484.4,480,34
484.5,480,34
484.6,480,34
484.7,480,34
484.8,0,34
484.9,0,34
485,0,34
485.1,0,34
485.2,0,34
485.3,0,34
485.4,0,34
485.5,0,34
485.6,0,34
485.7,0,34
485.8,0,34
485.9,0,34
486,0,34
486.1,0,34
486.2,0,34
486.3,0,34
486.4,0,34
486.5,0,34
486.6,0,33
486.7,0,33
486.8,0,33
486.9,0,33
487,0,33
487.1,0,33
487.2,0,33
487.3,0,33
487.4,0,33
487.5,0,33
487.6,0,33
487.7,0,33
487.8,0,33
487.9,0,33
488,0,33
488.1,0,33
488.2,0,33
488.3,0,33
488.4,0,33
488.5,0,33
488.6,0,33
488.7,0,16
488.8,0,16
488.9,0,16
489,0,33
489.1,0,33
489.2,0,32
489.3,0,32
489.4,0,32
489.5,0,32
489.6,0,32
489.7,0,32
489.8,0,32
489.9,0,32
490,0,32
490.1,0,32
490.2,0,32
490.3,0,32
490.4,0,32
490.5,0,32
490.6,0,32
490.7,0,15
490.8,0,15
490.9,0,15
491,0,32
491.1,0,32
491.2,0,32
491.3,0,32
491.4,0,32
491.5,0,32
491.6,0,32
491.7,0,32
491.8,0,32
491.9,0,32
492,0,32
492.1,0,31
492.2,0,31
492.3,0,31
492.4,0,31
492.5,0,31
492.6,0,31
492.7,0,31
492.8,0,31
492.9,0,30
493,0,30
493.1,0,30
493.2,0,31
493.3,0,31
493.4,0,31
493.5,0,31
493.6,0,31
493.7,0,31
493.8,0,31
493.9,0,31
494,0,31
494.1,0,31
494.2,0,31
494.3,0,31
494.4,0,31
494.5,0,31
494.6,0,31
494.7,0,31
494.8,0,0
494.9,0,0
495,0,0
495.1,0,31
495.2,0,31
495.3,0,31
495.4,0,31
495.5,0,30
495.6,0,30
495.7,0,31
495.8,0,31
495.9,0,30
496,0,30
496.1,0,30
496.2,0,30
496.3,0,30
496.4,0,30
496.5,0,30
496.6,0,29
496.7,0,29
496.8,0,30
496.9,0,30
497,0,29
497.1,0,30
497.2,0,30
497.3,0,30
497.4,0,29
497.5,0,29
497.6,0,30
497.7,0,30
497.8,0,30
497.9,0,30
498,0,30
498.1,0,30
498.2,0,30
498.3,0,30
498.4,0,30
498.5,0,30
498.6,0,30
498.7,0,30
498.8,0,30
498.9,0,29
499,0,29
499.1,0,29
499.2,0,29
499.3,0,29
499.4,0,29
499.5,0,29
499.6,0,29
499.7,0,29
499.8,0,14
499.9,0,14
500,0,14
500.1,0,29
500.2,0,29
500.3,0,29
500.4,0,28
500.5,0,28
500.6,0,28
500.7,0,29
500.8,0,29
500.9,0,28
501,0,28
501.1,0,28
501.2,0,27
501.3,0,28
501.4,0,28
501.5,0,28
501.6,0,28
501.7,0,28
501.8,0,28
501.9,0,28
502,0,28
502.1,0,28
502.2,0,28
502.3,0,28
502.4,0,28
502.5,0,28
502.6,0,28
502.7,0,28
502.8,0,27
502.9,0,27
503,0,27
503.1,0,28
503.2,0,28
503.3,0,28
503.4,0,28
503.5,0,28
503.6,0,28
503.7,0,28
503.8,0,28
503.9,0,28
504,0,28
504.1,0,28
504.2,0,28
504.3,0,28
504.4,0,28
504.5,0,28
504.6,0,28
504.7,0,28
504.8,0,28
504.9,0,28
505,0,28
505.1,0,28
505.2,0,28
505.3,0,28
505.4,0,28
505.5,0,28
505.6,0,28
505.7,0,13
505.8,0,13
505.9,0,27
506,0,27
506.1,0,27
506.2,0,27
506.3,0,27
506.4,0,27
506.5,0,27
506.6,0,27
506.7,0,27
506.8,0,27
506.9,0,27
507,0,27
507.1,0,13
507.2,0,13
507.3,0,27
507.4,0,27
507.5,0,27
507.6,0,27
507.7,0,27
507.8,0,27
507.9,0,27
508,0,27
508.1,0,27
508.2,0,27
508.3,0,27
508.4,0,27
508.5,0,27
508.6,0,27
508.7,0,27
508.8,0,27
508.9,0,27
509,0,27
509.1,0,27
509.2,0,27
509.3,0,27
509.4,0,27
509.5,0,27
509.6,0,26
509.7,0,26
509.8,0,26
509.9,0,26
510,0,26
510.1,0,26
510.2,0,26
510.3,0,26
510.4,0,26
510.5,0,26
510.6,0,26
510.7,0,26
510.8,0,26
510.9,0,26
511,0,26
511.1,0,26
511.2,0,26
511.3,0,26
511.4,0,26
511.5,0,26
511.6,0,26
511.7,0,26
511.8,0,12
511.9,0,12
512,0,26
512.1,0,26
512.2,0,26
512.3,0,26
512.4,0,26
512.5,0,26
512.6,0,26
512.7,0,26
512.8,0,26
512.9,0,26
513,0,26
513.1,0,26
513.2,0,26
513.3,0,26
513.4,0,26
513.5,0,26
513.6,0,26
513.7,0,26
513.8,0,26
513.9,0,26
514,0,26
514.1,0,26
514.2,0,26
514.3,0,26
514.4,0,26
514.5,0,26
514.6,0,26
514.7,0,26
514.8,0,26
514.9,0,26
515,0,26
515.1,0,26
515.2,0,25
515.3,0,25
515.4,0,25
515.5,0,25
515.6,0,25
515.7,0,25
515.8,0,25
515.9,0,25
516,0,25
516.1,0,25
516.2,0,25
516.3,0,25
516.4,0,25
516.5,0,25
516.6,0,25
516.7,0,25
516.8,0,25
516.9,0,25
517,0,25
517.1,0,25
517.2,0,25
517.3,0,25
517.4,0,25
517.5,0,24
517.6,0,24
517.7,0,25
517.8,0,25
517.9,0,25
518,0,25
518.1,0,25
518.2,0,25
518.3,0,25
518.4,0,25
518.5,0,25
518.6,0,25
518.7,0,25
518.8,0,24
518.9,0,24
519,0,24
519.1,0,25
519.2,0,25
519.3,0,25
519.4,0,25
519.5,0,25
519.6,0,25
519.7,0,25
519.8,0,25
519.9,0,25
520,0,25
520.1,0,24
520.2,0,24
520.3,0,24
520.4,0,24
520.5,0,24
520.6,0,24
520.7,0,24
520.8,0,24
520.9,0,24
521,0,24
521.1,0,23
521.2,0,23
521.3,0,23
521.4,0,24
521.5,0,24
521.6,0,24
521.7,0,24
521.8,0,24
521.9,0,24
522,0,24
522.1,0,24
522.2,0,24
522.3,0,24
522.4,0,24
522.5,0,24
522.6,0,24
522.7,0,24
522.8,0,24
522.9,0,24
523,0,24
523.1,0,24
523.2,0,24
523.3,0,24
523.4,0,24
523.5,0,24
523.6,0,24
523.7,0,24
523.8,0,24
523.9,0,24
524,0,24
524.1,0,24
524.2,0,24
524.3,0,24
524.4,0,24
524.5,0,24
524.6,0,24
524.7,0,24
524.8,0,24
524.9,0,23
525,0,23
525.1,0,23
525.2,0,23
525.3,0,23
525.4,0,23
525.5,0,23
525.6,0,23
525.7,0,23
525.8,0,23
525.9,0,23
526,0,23
526.1,0,23
526.2,0,23
526.3,0,23
526.4,0,23
526.5,0,23
526.6,0,23
526.7,0,23
526.8,0,23
526.9,0,23
527,0,23
527.1,0,23
527.2,0,23
527.3,0,23
527.4,0,23
527.5,0,23
527.6,0,23
527.7,0,23
527.8,0,23
527.9,0,23
528,0,23
528.1,0,23
528.2,0,23
528.3,0,23
528.4,0,23
528.5,0,23
528.6,0,23
528.7,0,23
528.8,0,22
528.9,0,22
529,0,22
529.1,0,22
529.2,0,22
529.3,0,22
529.4,0,22
529.5,0,22
529.6,0,22
529.7,0,22
529.8,0,22
529.9,0,11
530,0,11
530.1,0,11
530.2,0,11
530.3,0,22
530.4,0,22
530.5,0,21
530.6,0,21
530.7,0,21
530.8,0,22
530.9,0,22
531,0,22
531.1,0,22
531.2,0,22
531.3,0,22
531.4,0,22
531.5,0,22
531.6,0,22
531.7,0,22
531.8,0,22
531.9,0,22
532,0,22
532.1,0,10
532.2,0,10
532.3,0,22
532.4,0,22
532.5,0,22
532.6,0,22
532.7,0,22
532.8,0,22
532.9,0,22
533,0,22
533.1,0,22
533.2,0,10
533.3,0,10
533.4,0,10
533.5,0,21
533.6,0,21
533.7,0,21
533.8,0,21
533.9,0,21
534,0,21
534.1,0,21
534.2,0,21
534.3,0,21
534.4,0,21
534.5,0,21
534.6,0,21
534.7,0,21
534.8,0,21
534.9,0,21
535,0,21
535.1,0,10
535.2,0,10
535.3,0,10
535.4,0,21
535.5,0,21
535.6,0,21
535.7,0,21
535.8,0,21
535.9,0,21
536,0,21
536.1,0,21
536.2,0,21
536.3,0,21
536.4,0,21
536.5,0,21
536.6,0,21
536.7,0,21
536.8,0,21
536.9,0,21
537,0,21
537.1,0,20
537.2,0,20
537.3,0,20
537.4,0,20
537.5,0,21
537.6,0,21
537.7,0,21
537.8,0,21
537.9,0,21
538,0,21
538.1,0,21
538.2,0,21
538.3,0,21
538.4,0,21
538.5,0,21
538.6,0,21
538.7,0,21
538.8,0,21
538.9,0,21
539,0,21
539.1,0,21
539.2,0,21
539.3,0,20
539.4,0,20
539.5,0,20
539.6,0,20
539.7,0,20
539.8,0,20
539.9,0,20
540,0,20
540.1,0,20
540.2,0,20
540.3,0,20
540.4,0,20
540.5,0,20
540.6,0,20
540.7,0,20
540.8,0,20
540.9,0,20
541,0,20
541.1,0,20
541.2,0,20
541.3,0,20
541.4,0,20
541.5,0,20
541.6,0,20
541.7,0,20
541.8,0,20
541.9,0,20
542,0,20
542.1,0,20
542.2,0,20
542.3,0,20
542.4,0,20
542.5,0,20
542.6,0,20
542.7,0,20
542.8,0,20
542.9,0,20
543,0,20
543.1,0,20
543.2,0,20
543.3,0,20
543.4,0,20
543.5,0,20
543.6,0,20
543.7,0,20
543.8,0,20
543.9,0,20
544,0,20
544.1,0,20
544.2,0,20
544.3,0,20
544.4,0,20
544.5,0,19
544.6,0,19
544.7,0,20
544.8,0,20
544.9,0,20
545,0,20
545.1,0,20
545.2,0,20
545.3,0,20
545.4,0,20
545.5,0,20
545.6,0,20
545.7,0,20
545.8,0,20
545.9,0,20
546,0,20
546.1,0,20
546.2,0,20
546.3,0,20
546.4,0,20
546.5,0,20
546.6,0,20
546.7,0,20
546.8,0,20
546.9,0,20
547,0,20
547.1,0,20
547.2,0,20
547.3,0,20
547.4,0,20
547.5,0,20
547.6,0,19
547.7,0,19
547.8,0,19
547.9,0,19
548,0,19
548.1,0,19
548.2,0,19
548.3,0,19
548.4,0,19
548.5,0,19
548.6,0,19
548.7,0,19
548.8,0,19
548.9,0,19
549,0,19
549.1,0,19
549.2,0,19
549.3,0,19
549.4,0,18
549.5,0,18
549.6,0,18
549.7,0,18
549.8,0,18
549.9,0,18
550,0,18
550.1,0,18
550.2,0,18
550.3,0,18
550.4,0,18
550.5,0,18
550.6,0,18
550.7,0,18
550.8,0,18
550.9,0,18
551,0,18
551.1,0,18
551.2,0,18
551.3,0,18
551.4,0,18
551.5,0,18
551.6,0,18
551.7,0,18
551.8,0,17
551.9,0,17
552,0,17
552.1,0,17
552.2,0,17
552.3,0,17
552.4,0,17
552.5,0,17
552.6,0,16
552.7,0,16
552.8,0,16
552.9,0,16
553,0,16
553.1,0,16
553.2,0,16
553.3,0,16
553.4,0,16
553.5,0,16
553.6,0,16
553.7,0,16
553.8,0,16
553.9,0,16
554,0,16
554.1,0,16
554.2,0,16
554.3,0,16
554.4,0,16
554.5,0,16
554.6,0,16
554.7,0,16
554.8,0,16
554.9,0,16
555,0,16
555.1,0,16
555.2,0,16
555.3,0,16
555.4,0,16
555.5,0,16
555.6,0,16
555.7,0,16
555.8,0,16
555.9,0,16
556,0,16
556.1,0,16
556.2,0,16
556.3,0,16
556.4,0,16
556.5,0,16
556.6,0,16
556.7,0,16
556.8,0,16
556.9,0,16
557,0,15
557.1,0,15
557.2,0,15
557.3,0,15
557.4,0,15
557.5,0,15
557.6,0,15
557.7,0,15
557.8,0,15
557.9,0,15
558,0,15
558.1,0,15
558.2,0,15
558.3,0,15
558.4,0,15
558.5,0,15
558.6,0,15
558.7,0,15
558.8,0,15
558.9,0,15
559,0,15
559.1,0,15
559.2,0,15
559.3,0,15
559.4,0,15
559.5,0,15
559.6,0,15
559.7,0,15
559.8,0,15
559.9,0,15
560,0,15
560.1,0,15
560.2,0,15
560.3,0,15
560.4,0,15
560.5,0,15
560.6,0,15
560.7,0,15
560.8,0,15
560.9,0,15
561,0,15
561.1,0,15
561.2,0,15
561.3,0,15
561.4,0,15
561.5,0,15
561.6,0,14
561.7,0,14
561.8,0,14
561.9,0,14
562,0,14
562.1,0,14
562.2,0,14
562.3,0,14
562.4,0,14
562.5,0,14
562.6,0,14
562.7,0,14
562.8,0,14
562.9,0,14
563,0,14
563.1,0,14
563.2,0,14
563.3,0,14
563.4,0,14
563.5,0,14
563.6,0,14
563.7,0,14
563.8,0,14
563.9,0,14
564,0,14
564.1,0,14
564.2,0,14
564.3,0,14
564.4,0,14
564.5,0,14
564.6,0,14
564.7,0,14
564.8,0,14
564.9,0,14
565,0,14
565.1,0,14
565.2,0,14
565.3,0,14
565.4,0,14
565.5,0,14
565.6,0,14
565.7,0,14
565.8,0,14
565.9,0,14
566,0,14
566.1,0,14
566.2,0,14
566.3,0,14
566.4,720,14
566.5,720,14
566.6,720,14
566.7,720,14
566.8,720,14
566.9,720,14
567,720,14
567.1,720,14
567.2,720,14
567.3,720,14
567.4,2880,17
567.5,2880,17
567.6,2880,17
567.7,2880,20
567.8,2880,20
567.9,2880,20
568,2880,22
568.1,2880,22
568.2,2880,22
568.3,2880,25
568.4,3720,25
568.5,3720,27
568.6,3720,27
568.7,3720,27
568.8,3720,28
568.9,3720,28
569,3720,30
569.1,3720,30
569.2,3720,31
569.3,3720,31
569.4,2400,31
569.5,2400,31
569.6,2400,31
569.7,2400,31
569.8,2400,31
569.9,2400,31
570,2400,31
570.1,2400,31
570.2,2400,30
570.3,2400,30
570.4,480,30
570.5,480,30
570.6,480,30
570.7,480,30
570.8,480,30
570.9,480,30
571,480,30
571.1,480,30
571.2,480,30
571.3,480,30
571.4,0,30
571.5,0,30
571.6,0,30
571.7,0,30
571.8,0,30
571.9,0,30
572,0,30
572.1,0,30
572.2,0,30
572.3,0,30
572.4,0,30
572.5,0,30
572.6,0,30
572.7,0,30
572.8,0,30
572.9,0,30
573,0,29
573.1,0,29
573.2,0,29
573.3,0,29
573.4,0,29
573.5,0,29
573.6,0,29
573.7,0,29
573.8,0,29
573.9,0,29
574,0,29
574.1,0,29
574.2,0,29
574.3,0,29
574.4,0,29
574.5,0,29
574.6,0,29
574.7,0,29
574.8,0,29
574.9,0,29
575,0,28
575.1,0,28
575.2,0,29
575.3,0,29
575.4,0,29
575.5,0,28
575.6,0,28
575.7,0,28
575.8,0,28
575.9,0,28
576,0,28
576.1,0,28
576.2,0,28
576.3,0,28
576.4,0,28
576.5,0,28
576.6,0,28
576.7,0,28
576.8,0,28
576.9,0,28
577,0,28
577.1,0,28
577.2,0,28
577.3,0,28
577.4,0,28
577.5,0,28
577.6,0,28
577.7,0,28
577.8,0,28
577.9,0,28
578,0,28
578.1,0,28
578.2,0,28
578.3,0,28
578.4,0,28
578.5,0,28
578.6,0,28
578.7,0,28
578.8,0,28
578.9,0,28
579,0,13
579.1,0,13
579.2,0,27
579.3,0,27
579.4,0,27
579.5,0,27
579.6,0,27
579.7,0,26
579.8,0,26
579.9,0,27
580,0,27
580.1,0,27
580.2,0,27
580.3,0,26
580.4,0,26
580.5,0,26
580.6,0,26
580.7,0,26
580.8,0,27
580.9,0,27
581,0,27
581.1,0,26
581.2,0,26
581.3,0,26
581.4,0,26
581.5,0,26
581.6,0,26
581.7,0,26
581.8,0,26
581.9,0,26
582,0,25
582.1,0,25
582.2,0,26
582.3,0,26
582.4,0,26
582.5,0,26
582.6,0,26
582.7,0,26
582.8,0,26
582.9,0,26
583,0,26
583.1,0,26
583.2,0,26
583.3,0,26
583.4,0,26
583.5,0,26
583.6,0,25
583.7,0,25
583.8,0,25
583.9,0,25
584,0,26
584.1,0,26
584.2,0,26
584.3,0,26
584.4,0,25
584.5,0,25
584.6,0,25
584.7,0,25
584.8,0,25
584.9,0,25
585,0,25
585.1,0,25
585.2,0,25
585.3,0,25
585.4,0,25
585.5,0,25
585.6,0,25
585.7,0,25
585.8,0,25
585.9,0,24
586,0,24
586.1,0,25
586.2,0,25
586.3,0,25
586.4,0,25
586.5,0,25
586.6,0,25
586.7,0,25
586.8,0,25
586.9,0,25
587,0,25
587.1,0,25
587.2,0,25
587.3,0,25
587.4,0,25
587.5,0,25
587.6,0,25
587.7,0,24
587.8,0,24
587.9,0,24
588,0,24
588.1,0,24
588.2,0,24
588.3,0,24
588.4,0,24
588.5,0,24
588.6,0,24
588.7,0,24
588.8,0,24
588.9,0,24
589,0,24
589.1,0,24
589.2,0,24
589.3,0,24
589.4,0,24
589.5,0,24
589.6,0,24
589.7,0,24
589.8,0,23
589.9,0,23
590,0,23
590.1,0,24
590.2,0,24
590.3,0,24
590.4,0,24
590.5,0,24
590.6,0,23
590.7,0,23
590.8,0,23
590.9,0,23
591,0,23
591.1,0,23
591.2,0,23
591.3,0,23
591.4,0,23
591.5,0,23
591.6,0,22
591.7,0,23
591.8,0,23
591.9,0,23
592,0,23
592.1,0,23
592.2,0,23
592.3,0,23
592.4,0,23
592.5,0,23
592.6,0,23
592.7,0,23
592.8,0,22
592.9,0,22
593,0,22
593.1,0,22
593.2,0,22
593.3,0,22
593.4,0,23
593.5,0,23
593.6,0,23
593.7,0,23
593.8,0,23
593.9,0,23
594,0,22
594.1,0,22
594.2,0,22
594.3,0,22
594.4,0,22
594.5,0,22
594.6,0,22
594.7,0,22
594.8,0,22
594.9,0,22
595,0,22
595.1,0,22
595.2,0,22
595.3,0,22
595.4,0,22
595.5,0,22
595.6,0,22
595.7,0,22
595.8,0,22
595.9,0,22
596,0,22
596.1,0,22
596.2,0,22
596.3,0,22
596.4,0,22
596.5,0,22
596.6,0,22
596.7,0,22
596.8,0,22
596.9,0,22
597,0,22
597.1,0,22
597.2,0,22
597.3,0,21
597.4,0,21
597.5,0,21
597.6,0,21
597.7,0,21
597.8,0,21
597.9,0,21
598,0,21
598.1,0,21
598.2,0,21
598.3,0,21
598.4,0,21
598.5,0,21
598.6,0,21
598.7,0,21
598.8,0,10
598.9,0,10
599,0,21
599.1,0,21
599.2,0,21
599.3,1560,21
599.4,1560,21
599.5,1560,21
599.6,1560,22
599.7,1560,22
599.8,1560,22
599.9,1560,22
600,1560,24
600.1,1560,24
600.2,3960,26
600.3,3960,26
600.4,3960,28
600.5,3960,28
600.6,3960,29
600.7,3960,29
600.8,3960,31
600.9,3960,31
601,3960,31
601.1,3960,31
601.2,3960,31
601.3,2400,32
601.4,2400,32
601.5,2400,32
601.6,2400,32
601.7,2400,32
601.8,2400,32
601.9,2400,32
602,2400,32
602.1,2400,32
602.2,600,31
602.3,600,31
602.4,600,31
602.5,600,31
602.6,600,31
602.7,600,31
602.8,600,31
602.9,600,31
603,600,31
603.1,600,31
603.2,600,31
603.3,120,31
603.4,120,31
603.5,120,31
603.6,120,31
603.7,120,31
603.8,120,31
603.9,120,31
604,120,31
604.1,120,31
604.2,120,31
604.3,0,31
604.4,0,31
604.5,0,31
604.6,0,31
604.7,0,31
604.8,0,30
604.9,0,30
605,0,30
605.1,0,30
605.2,0,30
605.3,0,30
605.4,0,30
605.5,0,30
605.6,0,30
605.7,0,30
605.8,0,30
605.9,0,30
606,0,30
606.1,0,30
606.2,0,30
606.3,0,30
606.4,0,30
606.5,0,30
606.6,0,30
606.7,0,30
606.8,0,30
606.9,0,29
607,0,29
607.1,0,29
607.2,0,30
607.3,0,30
607.4,0,29
607.5,0,29
607.6,0,29
607.7,0,29
607.8,0,29
607.9,0,29
608,0,29
608.1,0,29
608.2,0,14
608.3,0,14
608.4,0,29
608.5,0,29
608.6,0,29
608.7,0,29
608.8,0,29
608.9,0,29
609,0,29
609.1,0,29
609.2,0,28
609.3,0,28
609.4,0,29
609.5,0,29
609.6,0,29
609.7,0,29
609.8,0,29
609.9,0,29
610,0,29
610.1,0,29
610.2,0,29
610.3,0,29
610.4,0,29
610.5,0,29
610.6,0,6
610.7,0,6
610.8,0,28
610.9,0,28
611,0,28
611.1,0,28
611.2,0,28
611.3,0,28
611.4,0,28
611.5,0,28
611.6,0,28
611.7,0,28
611.8,0,28
611.9,0,28
612,0,28
612.1,0,28
612.2,0,27
612.3,0,27
612.4,0,28
612.5,0,28
612.6,0,28
612.7,0,27
612.8,0,27
612.9,0,27
613,0,27
613.1,0,27
613.2,0,27
613.3,0,27
613.4,0,13
613.5,0,13
613.6,0,27
613.7,0,27
613.8,0,27
613.9,0,27
614,0,27
614.1,0,27
614.2,0,27
614.3,0,27
614.4,0,27
614.5,0,27
614.6,0,27
614.7,0,27
614.8,0,27
614.9,0,27
615,0,27
615.1,0,27
615.2,0,27
615.3,0,27
615.4,0,27
615.5,0,27
615.6,0,27
615.7,0,26
615.8,0,26
615.9,0,26
616,0,26
616.1,0,26
616.2,0,26
616.3,0,26
616.4,0,26
616.5,0,26
616.6,0,26
616.7,0,26
616.8,0,26
616.9,0,26
617,0,26
617.1,0,26
617.2,0,26
617.3,0,26
617.4,0,26
617.5,0,26
617.6,0,26
617.7,0,26
617.8,0,26
617.9,0,26
618,0,26
618.1,0,26
618.2,0,26
618.3,0,26
618.4,0,26
618.5,0,26
618.6,0,26
618.7,0,12
618.8,0,25
618.9,0,25
619,0,25
619.1,0,25
619.2,0,25
619.3,0,25
619.4,0,25
619.5,0,25
619.6,0,25
619.7,0,25
619.8,0,25
619.9,0,25
620,0,25
620.1,0,25
620.2,0,25
620.3,0,25
620.4,0,25
620.5,0,25
620.6,0,25
620.7,0,25
620.8,0,25
620.9,0,25
621,0,25
621.1,0,25
621.2,0,25
621.3,0,25
621.4,0,25
621.5,0,25
621.6,0,25
621.7,0,25
621.8,0,25
621.9,0,25
622,0,25
622.1,0,25
622.2,0,25
622.3,0,25
622.4,0,25
622.5,0,24
622.6,0,24
622.7,0,24
622.8,0,24
622.9,0,24
623,0,24
623.1,0,24
623.2,0,24
623.3,0,24
623.4,0,24
623.5,0,24
623.6,0,24
623.7,0,24
623.8,0,24
623.9,0,24
624,0,24
624.1,0,24
624.2,0,24
624.3,0,24
624.4,0,24
624.5,0,24
624.6,0,24
624.7,0,24
624.8,0,24
624.9,0,24
625,0,24
625.1,0,24
625.2,0,24
625.3,0,24
625.4,0,24
625.5,0,24
625.6,0,24
625.7,0,24
625.8,0,24
625.9,0,24
626,0,23
626.1,0,23
626.2,0,23
626.3,0,24
626.4,0,24
626.5,0,24
626.6,0,23
626.7,0,23
626.8,0,23
626.9,0,23
627,0,23
627.1,0,23
627.2,0,23
627.3,0,23
627.4,0,23
627.5,0,23
627.6,0,23
627.7,0,23
627.8,0,23
627.9,0,23
628,0,23
628.1,0,23
628.2,0,23
628.3,0,23
628.4,0,23
628.5,0,23
628.6,0,23
628.7,0,23
628.8,0,23
628.9,0,23
629,0,23
629.1,0,22
629.2,0,22
629.3,0,23
629.4,0,23
629.5,0,23
629.6,0,23
629.7,0,22
629.8,0,22
629.9,0,22
630,0,22
630.1,0,22
630.2,0,22
630.3,0,22
630.4,0,22
630.5,0,10
630.6,0,10
630.7,0,10
630.8,0,10
630.9,0,22
631,0,22
631.1,0,22
631.2,0,22
631.3,0,22
631.4,0,22
631.5,0,22
631.6,0,22
631.7,0,20
631.8,0,19
631.9,0,19
632,0,19
632.1,0,19
632.2,0,19
632.3,0,19
632.4,0,19
632.5,0,19
632.6,0,19
632.7,0,19
632.8,0,19
632.9,0,19
633,0,19
633.1,0,19
633.2,0,19
633.3,0,19
633.4,0,19
633.5,0,19
633.6,0,19
633.7,0,19
633.8,0,19
633.9,0,19
634,0,19
634.1,0,19
634.2,0,19
634.3,0,19
634.4,0,19
634.5,0,19
634.6,0,19
634.7,0,19
634.8,0,19
634.9,0,19
635,0,19
635.1,0,19
635.2,0,19
635.3,0,19
635.4,0,19
635.5,0,19
635.6,0,19
635.7,0,19
635.8,0,19
635.9,0,19
636,0,19
636.1,0,19
636.2,0,19
636.3,0,19
636.4,0,19
636.5,0,18
636.6,0,18
636.7,0,18
636.8,0,18
636.9,0,19
637,0,19
637.1,0,19
637.2,0,18
637.3,0,18
637.4,0,18
637.5,0,18
637.6,0,18
637.7,0,18
637.8,0,18
637.9,0,18
638,0,18
638.1,0,18
638.2,0,18
638.3,0,18
638.4,0,18
638.5,0,18
638.6,0,18
638.7,0,18
638.8,0,18
638.9,0,18
639,0,18
639.1,0,18
639.2,0,18
639.3,0,18
639.4,0,18
639.5,0,18
639.6,0,18
639.7,0,18
639.8,0,18
639.9,0,18
640,0,18
640.1,0,18
640.2,0,18
640.3,0,18
640.4,0,18
640.5,0,18
640.6,0,18
640.7,0,18
640.8,0,18
640.9,0,18
641,0,18
641.1,0,18
641.2,0,18
641.3,0,18
641.4,0,18
641.5,0,18
641.6,0,18
641.7,0,18
641.8,0,18
641.9,0,18
642,0,18
642.1,0,18
642.2,0,18
642.3,0,18
642.4,0,18
642.5,0,18
642.6,0,18
642.7,0,18
642.8,0,18
642.9,0,18
643,0,18
643.1,0,18
643.2,0,17
643.3,0,17
643.4,0,17
643.5,0,17
643.6,0,17
643.7,0,17
643.8,0,17
643.9,0,17
644,0,17
644.1,0,17
644.2,0,17
644.3,0,17
644.4,0,17
644.5,0,17
644.6,0,17
644.7,0,17
644.8,0,17
644.9,0,17
645,0,17
645.1,0,17
645.2,0,17
645.3,0,17
645.4,0,17
645.5,0,17
645.6,0,17
645.7,0,17
645.8,0,17
645.9,0,17
646,0,17
646.1,0,17
646.2,0,17
646.3,0,17
646.4,0,17
646.5,0,17
646.6,0,17
646.7,0,17
646.8,0,17
646.9,0,17
647,0,17
647.1,0,17
647.2,0,17
647.3,0,17
647.4,0,17
647.5,0,16
647.6,0,16
647.7,0,16
647.8,0,16
647.9,0,16
648,0,16
648.1,0,16
648.2,0,16
648.3,0,16
648.4,0,16
648.5,0,16
648.6,0,16
648.7,0,16
648.8,0,16
648.9,0,16
649,0,16
649.1,0,16
649.2,0,16
649.3,0,16
649.4,0,16
649.5,0,16
649.6,0,16
649.7,0,16
649.8,0,16
649.9,0,16
650,0,16
650.1,0,16
650.2,0,16
650.3,0,16
650.4,0,16
650.5,0,16
650.6,0,16
650.7,0,16
650.8,0,16
650.9,0,16
651,0,16
651.1,0,16
651.2,0,16
651.3,0,16
651.4,0,16
651.5,0,16
651.6,0,16
651.7,0,16
651.8,0,16
651.9,0,16
652,0,16
652.1,0,16
652.2,0,16
652.3,0,16
652.4,0,16
652.5,0,16
652.6,0,16
652.7,0,16
652.8,0,16
652.9,0,8
653,0,8
653.1,0,8
653.2,0,15
653.3,0,15
653.4,0,15
653.5,0,15
653.6,0,15
653.7,0,15
653.8,0,15
653.9,0,15
654,0,15
654.1,0,15
654.2,0,15
654.3,0,15
654.4,0,15
654.5,0,15
654.6,0,15
654.7,0,15
654.8,0,15
654.9,0,14
655,0,14
655.1,0,14
655.2,0,14
655.3,0,14
655.4,0,14
655.5,0,14
655.6,0,14
655.7,0,14
655.8,0,14
655.9,0,14
656,0,14
656.1,0,14
656.2,0,14
656.3,0,14
656.4,0,14
656.5,0,14
656.6,0,14
656.7,0,13
656.8,0,13
656.9,0,13
657,0,13
657.1,0,13
657.2,0,13
657.3,0,13
657.4,0,11
657.5,0,11
657.6,0,11
657.7,0,11
657.8,0,11
657.9,0,10
658,0,10
658.1,0,10
658.2,0,10
658.3,0,10
658.4,0,10
658.5,0,10
658.6,0,10
658.7,0,10
658.8,0,8
658.9,0,8
659,0,8
659.1,0,8
659.2,0,8
659.3,0,8
659.4,0,8
659.5,0,8
659.6,0,8
659.7,0,8
659.8,0,8
659.9,0,8
660,0,5
660.1,0,5
660.2,0,5
660.3,0,5
660.4,0,5
660.5,0,5
660.6,0,5
660.7,0,5
660.8,0,5
660.9,0,5
661,0,5
661.1,0,5
661.2,0,5
661.3,0,5
661.4,0,5
661.5,0,5
661.6,0,5
661.7,0,5
661.8,0,5
661.9,0,5
662,0,5
662.1,0,5
662.2,0,5
662.3,0,5
662.4,0,5
662.5,0,5
662.6,0,5
662.7,0,5
662.8,0,5
662.9,0,5
663,0,5
663.1,0,5
663.2,0,5
663.3,0,5
663.4,0,5
663.5,0,5
663.6,0,5
663.7,0,5
663.8,0,5
663.9,0,5
664,0,5
664.1,0,5
664.2,0,5
664.3,0,5
664.4,0,5
664.5,0,5
664.6,0,5
664.7,0,5
664.8,0,5
664.9,0,5
665,0,0
665.1,0,0
665.2,0,0
665.3,0,0
665.4,0,0
665.5,0,0
665.6,0,0
665.7,0,0
665.8,0,0
665.9,0,0
666,0,0
666.1,0,0
666.2,0,0
666.3,0,0
666.4,0,0
666.5,0,0
666.6,0,0
666.7,0,0
666.8,0,0
666.9,0,0
667,0,0
667.1,0,0
667.2,0,0
667.3,0,0
667.4,0,0
667.5,0,0
667.6,0,0
667.7,0,0
667.8,0,0
667.9,0,0
668,0,0
668.1,0,0
668.2,0,0
668.3,0,0
668.4,0,0
668.5,0,0
668.6,0,0
668.7,0,0
668.8,0,0
668.9,0,0
669,0,0
669.1,0,0
669.2,0,0
669.3,0,0
669.4,0,0
669.5,0,0
669.6,0,0
669.7,0,0
669.8,0,0
669.9,0,0
670,0,0
670.1,0,0
670.2,0,0
670.3,0,0
670.4,0,0
670.5,0,0
670.6,0,0
670.7,0,0
670.8,0,0
670.9,0,0
671,0,0
671.1,0,0
671.2,0,0
671.3,0,0
671.4,0,0
671.5,0,0
671.6,0,0
671.7,0,0
671.8,0,0
671.9,0,0
672,0,0
672.1,0,0
672.2,0,0
672.3,0,0
672.4,0,0
672.5,0,0
672.6,0,0
672.7,0,0
672.8,0,0
672.9,0,0
673,0,0
673.1,0,0
673.2,0,0
673.3,0,0
673.4,0,0
673.5,0,0
673.6,0,0
673.7,0,0
673.8,0,0
673.9,0,0
674,0,0
674.1,0,0
674.2,0,0
674.3,0,0
674.4,0,0
674.5,0,0
674.6,0,0
674.7,0,0
674.8,0,0
674.9,0,0
675,0,0
675.1,0,0
675.2,0,0
675.3,0,0
675.4,0,0
675.5,0,0
675.6,0,0
675.7,0,0
675.8,0,0
675.9,0,0
676,0,0
676.1,0,0
676.2,0,0
676.3,0,0
676.4,0,0
676.5,0,0
676.6,0,0
676.7,0,0
676.8,0,0
676.9,0,0
677,0,0
677.1,0,0
677.2,0,0
677.3,0,0
677.4,0,0
677.5,0,0
677.6,0,0
677.7,0,0
677.8,0,0
677.9,0,0
678,0,0
678.1,0,0
678.2,0,0
678.3,0,0
678.4,0,0
678.5,0,0
678.6,0,0
678.7,0,0
678.8,0,0
678.9,0,0
679,0,0